456.000000	,676.500000	,819.000000	,853.500000	,954.000000	,873.000000	,873.000000	,792.000000	,928.500000	,778.500000	,828.000000	,787.500000	,846.000000	,763.500000	,747.000000	,615.000000	,711.000000	,756.000000	,831.000000	,877.500000	,915.000000	,900.000000	,936.000000	,739.500000	,910.500000	,540.000000	,598.500000	,604.500000	,738.000000	,876.000000	,826.500000	,861.000000	,811.500000	,856.500000	,841.500000	,748.500000	,841.500000	,744.000000	,813.000000	,772.500000	,885.000000	,873.000000	,936.000000	,919.500000	,943.500000	,943.500000	,814.500000	,763.500000	,624.000000	,676.500000	,804.000000	,711.000000	,787.500000	,751.500000	,816.000000	,754.500000	,627.000000	,684.000000	,618.000000	,699.000000	,792.000000	,855.000000	,889.500000	,928.500000	,895.500000	,919.500000	,798.000000	,820.500000	,808.500000	,883.500000	,828.000000	,826.500000	,678.000000	,709.500000	,802.500000	,714.000000	,714.000000	,714.000000	,744.000000	,853.500000	,888.000000	,852.000000	,874.500000	,832.500000	,918.000000	,765.000000	,793.500000	,700.500000	,774.000000	,814.500000	,892.500000	,882.000000	,910.500000	,838.500000	,853.500000	,817.500000	,894.000000	,864.000000	,942.000000	,931.500000	,931.500000	,667.500000	,795.000000	,546.000000	,900.000000	,711.000000	,805.500000	,849.000000	,834.000000	,942.000000	,892.500000	,886.500000	,889.500000	,780.000000	,916.500000	,750.000000	,861.000000	,817.500000	,912.000000	,912.000000	,820.500000	,910.500000	,780.000000	,913.500000	,588.000000	,612.000000	,442.500000	,697.500000	,862.500000	,880.500000	,867.000000	,799.500000	,718.500000	,789.000000	,687.000000	,793.500000	,709.500000	,853.500000	,921.000000	,960.000000	,817.500000	,931.500000	,798.000000	,960.000000	,718.500000	,877.500000	,645.000000	,813.000000	,831.000000	,924.000000	,822.000000	,838.500000	,784.500000	,847.500000	,811.500000	,861.000000	,835.500000	,877.500000	,865.500000	,891.000000	,910.500000	,949.500000	,930.000000	,930.000000	,927.000000	,883.500000	,955.500000	,885.000000	,958.500000	,831.000000	,936.000000	,831.000000	,835.500000	,817.500000	,817.500000	,808.500000	,739.500000	,784.500000	,820.500000	,921.000000	,850.500000	,900.000000	,850.500000	,960.000000	,939.000000	,960.000000	,939.000000	,903.000000	,933.000000	,763.500000	,801.000000	,778.500000	,796.500000	,837.000000	,850.500000	,753.000000	,819.000000	,789.000000	,855.000000	,880.500000	,960.000000	,949.500000	,960.000000	,882.000000	,960.000000	,855.000000	,960.000000	,850.500000	,960.000000	,888.000000	,939.000000	,954.000000	,816.000000	,706.500000	,837.000000	,772.500000	,960.000000	,915.000000	,960.000000	,915.000000	,885.000000	,865.500000	,817.500000	,798.000000	,801.000000	,832.500000	,741.000000	,786.000000	,880.500000	,825.000000	,856.500000	,682.500000	,642.000000	,663.000000	,778.500000	,834.000000	,903.000000	,808.500000	,903.000000	,576.000000	,
-30.500000	,-127.000000	,-59.000000	,-104.000000	,-2.000000	,-82.500000	,-181.500000	,-201.000000	,-87.000000	,-112.500000	,-27.000000	,-264.000000	,-31.500000	,-120.000000	,-58.500000	,22.000000	,-269.000000	,-132.500000	,-141.000000	,-199.500000	,-117.000000	,-214.500000	,-22.500000	,103.500000	,90.000000	,-51.000000	,-32.500000	,-134.500000	,-65.500000	,-105.000000	,18.500000	,132.500000	,4.500000	,-117.500000	,-14.000000	,-135.500000	,8.500000	,-137.000000	,-134.000000	,16.000000	,-99.500000	,-100.500000	,-256.500000	,-270.000000	,-280.500000	,-205.500000	,175.500000	,42.000000	,226.500000	,-211.500000	,-1.000000	,-76.000000	,-46.000000	,-310.000000	,-125.500000	,-286.000000	,233.500000	,404.500000	,493.500000	,80.000000	,26.000000	,-153.000000	,13.000000	,-70.500000	,-64.500000	,-154.000000	,43.500000	,201.000000	,213.000000	,88.500000	,-65.000000	,-80.000000	,-247.000000	,-16.500000	,-60.000000	,97.000000	,39.500000	,-130.000000	,-90.000000	,-324.000000	,-237.000000	,-54.000000	,-55.500000	,133.500000	,94.500000	,90.000000	,11.000000	,126.500000	,87.500000	,-51.000000	,-52.500000	,-89.000000	,-197.000000	,-174.500000	,-202.500000	,-78.500000	,49.500000	,22.500000	,2.000000	,-69.000000	,-55.500000	,12.000000	,174.000000	,286.000000	,130.000000	,82.500000	,35.000000	,-50.500000	,139.500000	,-4.500000	,-18.000000	,-174.000000	,-102.000000	,42.000000	,96.000000	,-173.000000	,-171.500000	,-329.000000	,-88.500000	,-124.500000	,33.500000	,60.500000	,-35.500000	,-186.000000	,-118.500000	,-93.500000	,-108.500000	,-194.500000	,51.000000	,96.000000	,-146.500000	,-289.500000	,-172.500000	,42.000000	,123.000000	,-3.000000	,-28.000000	,-164.500000	,-49.000000	,-160.500000	,-59.000000	,-50.000000	,114.500000	,-26.000000	,191.500000	,253.500000	,135.000000	,-6.000000	,-93.000000	,-36.000000	,6.000000	,52.500000	,-18.000000	,-121.500000	,11.500000	,-36.500000	,47.500000	,-78.000000	,73.500000	,46.000000	,38.500000	,-51.500000	,-99.000000	,-19.500000	,-120.000000	,35.500000	,43.000000	,122.500000	,-1.500000	,101.500000	,-20.000000	,-141.500000	,-453.000000	,-271.500000	,-303.000000	,-235.500000	,-1.000000	,-176.500000	,-11.500000	,-244.500000	,-114.000000	,-70.500000	,-12.000000	,-42.000000	,9.500000	,-13.000000	,-52.000000	,-14.500000	,15.500000	,242.000000	,259.500000	,229.500000	,-7.500000	,66.500000	,92.500000	,157.500000	,-17.000000	,-145.000000	,-81.000000	,-180.000000	,-64.500000	,-155.000000	,-98.000000	,17.500000	,90.000000	,152.500000	,44.500000	,182.500000	,31.500000	,27.000000	,-62.000000	,-78.500000	,-34.500000	,308.500000	,353.500000	,290.000000	,-24.000000	,51.000000	,-34.500000	,-69.000000	,-19.000000	,56.000000	,20.000000	,-37.500000	,19.000000	,-98.000000	,29.500000	,-167.000000	,94.500000	,227.000000	,92.000000	,-16.500000	,87.500000	,34.000000	,47.500000	,100.500000	,97.500000	,4.500000	,-214.500000	,-221.500000	,
107.500000	,377.500000	,186.000000	,83.000000	,-87.000000	,23.500000	,-77.000000	,145.000000	,-168.000000	,94.000000	,124.000000	,139.000000	,137.500000	,80.000000	,271.000000	,233.500000	,305.500000	,136.500000	,81.500000	,-30.500000	,60.000000	,-54.500000	,40.000000	,-102.000000	,-82.500000	,79.000000	,294.500000	,426.000000	,222.500000	,-80.500000	,-88.500000	,-51.000000	,49.500000	,172.500000	,51.000000	,215.000000	,104.500000	,60.500000	,154.000000	,-247.000000	,-305.000000	,-203.000000	,-285.500000	,-103.500000	,-152.500000	,-194.500000	,-125.000000	,248.000000	,327.500000	,405.000000	,210.000000	,277.000000	,189.500000	,134.000000	,94.500000	,30.000000	,68.000000	,122.500000	,33.000000	,-87.000000	,-32.500000	,-9.500000	,-276.500000	,-341.000000	,-315.000000	,-228.500000	,10.500000	,-18.000000	,-28.000000	,-63.000000	,4.500000	,14.000000	,81.000000	,-7.500000	,35.000000	,149.500000	,276.500000	,243.000000	,-79.500000	,-166.000000	,-160.500000	,33.000000	,75.000000	,-122.000000	,-192.500000	,-257.000000	,41.500000	,57.500000	,110.000000	,94.000000	,-43.500000	,97.500000	,-99.000000	,147.500000	,-8.500000	,50.500000	,-61.500000	,-10.500000	,-32.000000	,7.000000	,-14.000000	,75.000000	,113.000000	,174.500000	,49.000000	,-114.500000	,-53.000000	,-265.500000	,-142.500000	,-160.500000	,-144.000000	,43.000000	,-46.000000	,79.500000	,-65.500000	,-2.000000	,103.500000	,35.500000	,20.000000	,23.000000	,8.500000	,-30.000000	,58.000000	,-194.000000	,240.500000	,304.500000	,535.500000	,207.500000	,25.500000	,2.500000	,-87.000000	,5.000000	,9.500000	,22.500000	,207.500000	,171.000000	,126.000000	,54.500000	,-138.000000	,-207.000000	,-80.000000	,-192.500000	,-50.000000	,-58.500000	,107.500000	,41.500000	,235.500000	,188.000000	,215.000000	,7.500000	,44.000000	,106.500000	,121.500000	,39.000000	,-110.500000	,-1.500000	,-111.500000	,-57.500000	,-54.000000	,-85.500000	,-81.000000	,-7.500000	,-101.500000	,-59.500000	,-110.000000	,-7.000000	,-67.500000	,2.500000	,2.500000	,-9.500000	,-105.500000	,-107.000000	,-83.500000	,-74.500000	,59.000000	,-92.500000	,161.500000	,51.000000	,100.000000	,-208.000000	,14.500000	,-180.500000	,1.000000	,-123.000000	,-3.000000	,-54.000000	,-70.500000	,-76.500000	,-186.000000	,-286.500000	,-180.500000	,-201.500000	,76.000000	,0.500000	,131.000000	,155.000000	,173.000000	,170.500000	,127.000000	,-107.500000	,-159.000000	,-388.500000	,-127.500000	,-184.500000	,-18.000000	,-25.500000	,-73.500000	,-100.500000	,-168.000000	,-49.500000	,-150.500000	,-180.500000	,40.500000	,-11.500000	,39.500000	,-85.500000	,-64.500000	,-39.000000	,-199.500000	,-126.000000	,-250.500000	,-295.500000	,16.500000	,-121.500000	,3.000000	,130.000000	,151.000000	,95.500000	,6.000000	,-111.000000	,-186.000000	,174.000000	,163.500000	,355.500000	,-22.500000	,-103.500000	,-35.500000	,-59.500000	,87.500000	,-214.000000	,
-42.000000	,-74.000000	,-74.000000	,-180.000000	,-141.000000	,-237.000000	,140.500000	,109.000000	,95.500000	,-88.000000	,-50.500000	,130.500000	,101.500000	,38.500000	,-52.500000	,-119.000000	,129.500000	,38.000000	,56.500000	,103.000000	,220.000000	,223.000000	,-36.000000	,94.000000	,117.000000	,63.000000	,-161.500000	,-236.500000	,-156.000000	,-166.500000	,-50.000000	,-174.000000	,-8.500000	,30.500000	,-100.000000	,-280.500000	,-547.500000	,-216.500000	,22.000000	,-60.000000	,193.000000	,44.500000	,280.500000	,304.500000	,352.000000	,235.500000	,46.000000	,-114.000000	,-34.500000	,-22.500000	,-18.000000	,-147.000000	,-54.000000	,47.500000	,8.500000	,43.000000	,-175.500000	,-44.000000	,-132.000000	,-52.000000	,-183.500000	,-224.500000	,-210.000000	,174.500000	,122.000000	,263.500000	,0.500000	,92.000000	,-143.500000	,12.000000	,21.500000	,135.000000	,297.500000	,82.500000	,111.000000	,-91.500000	,-78.000000	,-74.500000	,-50.500000	,227.500000	,0.500000	,-9.500000	,-109.000000	,-191.500000	,89.500000	,251.000000	,356.000000	,236.500000	,-103.500000	,-115.500000	,-141.500000	,-59.000000	,208.000000	,204.500000	,168.000000	,6.000000	,-198.500000	,-286.500000	,-303.000000	,-72.000000	,17.500000	,-71.000000	,-69.500000	,-247.500000	,-225.000000	,28.500000	,64.000000	,275.000000	,14.000000	,14.500000	,104.500000	,-53.000000	,-201.500000	,-217.500000	,-203.000000	,300.500000	,243.500000	,221.500000	,10.000000	,-47.000000	,-116.000000	,-28.000000	,-82.000000	,310.000000	,9.500000	,301.500000	,2.000000	,68.000000	,-51.500000	,-159.000000	,92.500000	,210.000000	,376.500000	,60.500000	,-36.000000	,115.000000	,305.000000	,288.500000	,182.500000	,219.500000	,313.500000	,368.500000	,95.000000	,97.500000	,35.000000	,8.000000	,-30.000000	,-45.000000	,-78.000000	,-130.500000	,-103.500000	,-52.500000	,-59.000000	,0.000000	,219.500000	,170.500000	,200.000000	,-139.500000	,-93.000000	,-237.000000	,-233.500000	,-165.500000	,-201.500000	,-6.500000	,16.000000	,106.000000	,-20.500000	,-114.000000	,-114.000000	,75.000000	,277.000000	,436.500000	,555.000000	,490.500000	,362.500000	,152.500000	,0.000000	,62.500000	,16.000000	,242.000000	,106.000000	,-12.000000	,-65.500000	,-12.500000	,35.000000	,69.500000	,4.000000	,10.000000	,-152.500000	,-189.000000	,-147.000000	,9.000000	,87.500000	,33.500000	,-63.500000	,-51.000000	,5.000000	,56.500000	,92.500000	,-71.000000	,-39.500000	,-177.500000	,-46.000000	,-75.000000	,37.500000	,4.500000	,-66.000000	,-127.500000	,63.500000	,110.000000	,90.500000	,116.500000	,44.500000	,109.000000	,-72.000000	,28.500000	,-32.000000	,17.500000	,103.000000	,214.500000	,94.500000	,344.500000	,151.000000	,221.500000	,35.000000	,-6.500000	,14.500000	,4.500000	,61.000000	,10.000000	,70.500000	,48.000000	,190.500000	,18.000000	,-118.500000	,-149.500000	,-227.500000	,150.000000	,262.500000	,198.500000	,
-172.000000	,-229.500000	,-85.500000	,-16.500000	,-138.000000	,30.000000	,-250.500000	,-103.500000	,-134.500000	,-376.000000	,-274.000000	,-330.000000	,-81.000000	,140.000000	,11.000000	,60.500000	,-84.000000	,-24.000000	,37.500000	,-160.500000	,-139.500000	,-157.500000	,-45.000000	,47.000000	,55.500000	,277.500000	,-48.500000	,-103.500000	,-322.500000	,61.500000	,143.000000	,182.000000	,-16.000000	,-34.500000	,55.000000	,-162.000000	,-338.500000	,-312.500000	,-192.000000	,204.500000	,249.500000	,172.000000	,20.500000	,29.500000	,-189.500000	,-31.000000	,-154.000000	,21.500000	,-132.000000	,37.500000	,19.500000	,69.500000	,2.000000	,-159.000000	,-53.000000	,138.000000	,225.500000	,-4.000000	,46.000000	,187.500000	,-15.000000	,-6.500000	,-119.500000	,121.000000	,183.000000	,73.500000	,170.000000	,91.000000	,149.000000	,53.500000	,-9.500000	,97.000000	,-30.500000	,213.500000	,59.500000	,116.500000	,-164.500000	,-94.500000	,80.000000	,165.000000	,19.000000	,-25.500000	,-184.500000	,193.500000	,33.000000	,90.000000	,-216.500000	,-105.000000	,-7.500000	,-107.500000	,-43.000000	,-226.000000	,-132.000000	,-61.500000	,-9.000000	,165.000000	,12.000000	,-45.000000	,-166.500000	,-126.000000	,64.000000	,182.000000	,180.500000	,-44.000000	,-54.500000	,61.000000	,194.500000	,218.000000	,124.000000	,124.500000	,14.500000	,-64.000000	,-91.500000	,-48.000000	,-98.000000	,-179.000000	,-132.500000	,-136.500000	,-129.000000	,-214.000000	,-269.000000	,-44.000000	,-110.500000	,7.500000	,70.000000	,16.000000	,-105.500000	,-119.500000	,-247.000000	,-280.000000	,-211.500000	,-58.500000	,7.500000	,67.500000	,-103.500000	,-72.000000	,-4.500000	,23.000000	,34.000000	,31.000000	,34.500000	,19.000000	,-3.500000	,-25.500000	,-183.000000	,-117.000000	,-160.500000	,-24.000000	,-177.000000	,-43.000000	,-9.500000	,-18.500000	,-259.000000	,-294.500000	,-107.000000	,-143.000000	,-241.500000	,-110.000000	,36.500000	,78.500000	,-377.000000	,-426.000000	,-358.500000	,-103.500000	,82.500000	,-9.000000	,-165.000000	,-84.000000	,-246.000000	,-250.500000	,-372.000000	,-345.000000	,-279.500000	,-160.000000	,-110.500000	,-26.500000	,-135.500000	,-15.500000	,-181.500000	,10.500000	,-94.500000	,29.500000	,-312.000000	,-169.500000	,-170.500000	,-5.000000	,-164.000000	,-7.500000	,-211.000000	,184.500000	,164.500000	,14.500000	,-46.500000	,-168.000000	,5.500000	,-48.500000	,-47.000000	,-7.500000	,-63.000000	,6.000000	,125.000000	,-25.000000	,146.000000	,-240.000000	,-115.500000	,-140.500000	,-5.000000	,107.500000	,83.000000	,75.000000	,107.500000	,26.500000	,107.500000	,-81.000000	,96.000000	,100.500000	,90.000000	,-16.000000	,117.000000	,3.000000	,119.000000	,-71.000000	,20.500000	,-25.000000	,-13.000000	,-155.500000	,-36.000000	,-289.500000	,-129.000000	,-11.500000	,-22.000000	,-8.500000	,-288.000000	,-280.500000	,96.500000	,-72.000000	,93.000000	,-210.500000	,-40.500000	,-79.000000	,
-129.500000	,202.500000	,49.500000	,1.500000	,17.500000	,36.500000	,86.500000	,158.500000	,-68.500000	,-56.000000	,-135.500000	,-123.000000	,-275.500000	,-219.000000	,-184.000000	,118.000000	,68.500000	,192.500000	,106.500000	,12.000000	,-99.000000	,-271.000000	,-107.000000	,-75.500000	,43.500000	,-209.500000	,32.500000	,68.000000	,447.500000	,187.500000	,41.500000	,57.500000	,-23.500000	,57.500000	,40.000000	,236.000000	,492.500000	,380.500000	,84.000000	,-139.500000	,-10.500000	,-148.500000	,49.000000	,64.000000	,-119.000000	,-106.500000	,-220.000000	,38.000000	,-41.500000	,-84.000000	,-121.500000	,-111.000000	,-84.000000	,-253.500000	,-26.500000	,-109.500000	,97.500000	,41.500000	,70.500000	,107.000000	,138.000000	,191.500000	,39.500000	,-207.500000	,-235.500000	,-142.500000	,0.000000	,-54.500000	,-22.500000	,-226.500000	,-111.500000	,-163.000000	,116.500000	,45.500000	,78.500000	,-88.500000	,-158.500000	,-57.500000	,-210.500000	,-47.500000	,-2.500000	,113.000000	,142.000000	,-7.000000	,-184.000000	,-85.500000	,-289.500000	,-31.500000	,-21.500000	,49.000000	,249.500000	,17.500000	,-19.000000	,-8.000000	,-167.000000	,-156.000000	,-145.000000	,274.000000	,190.000000	,129.000000	,-104.000000	,-136.500000	,-151.000000	,155.000000	,225.500000	,213.500000	,66.000000	,-93.500000	,-68.000000	,-228.000000	,-212.000000	,89.500000	,405.000000	,284.000000	,9.500000	,-291.000000	,-480.000000	,-254.000000	,-90.500000	,184.000000	,124.500000	,171.000000	,19.500000	,-141.000000	,-387.000000	,-324.000000	,18.000000	,-55.500000	,156.500000	,33.500000	,208.500000	,206.500000	,58.000000	,-78.000000	,6.000000	,-139.500000	,-186.000000	,-190.500000	,-124.500000	,-39.000000	,-111.000000	,-199.500000	,-226.500000	,-105.000000	,-230.500000	,-148.000000	,-314.500000	,-105.000000	,-45.500000	,118.000000	,-9.500000	,-187.500000	,-123.500000	,-49.000000	,-40.000000	,-116.000000	,-121.500000	,-105.500000	,87.000000	,249.000000	,367.000000	,224.500000	,191.500000	,-176.500000	,-1.000000	,35.000000	,223.000000	,56.500000	,-3.500000	,-332.500000	,-209.500000	,-234.500000	,-318.500000	,-351.000000	,-246.500000	,-24.500000	,-95.500000	,168.500000	,-22.000000	,-93.500000	,94.500000	,-91.500000	,-97.000000	,-210.000000	,-168.000000	,-3.000000	,76.000000	,61.000000	,336.000000	,418.000000	,445.000000	,151.000000	,-50.500000	,-60.000000	,-45.500000	,-105.500000	,-193.500000	,-207.000000	,-172.500000	,61.500000	,91.500000	,359.500000	,250.000000	,80.500000	,-52.500000	,-143.500000	,-20.500000	,-68.500000	,-40.500000	,0.000000	,-31.500000	,84.000000	,82.500000	,49.500000	,-90.000000	,-94.500000	,-27.000000	,-27.500000	,8.500000	,-123.000000	,-38.500000	,-258.500000	,-80.000000	,-38.000000	,54.500000	,317.500000	,281.500000	,217.000000	,-205.500000	,-115.000000	,60.500000	,102.500000	,24.000000	,-9.500000	,-38.000000	,199.000000	,132.000000	,88.500000	,-97.500000	,-121.000000	,
2.000000	,49.500000	,54.000000	,-113.000000	,67.000000	,2.500000	,186.000000	,-117.000000	,-57.000000	,-43.000000	,114.000000	,145.500000	,-176.000000	,-51.000000	,-96.000000	,-27.000000	,22.500000	,-171.000000	,-114.000000	,87.000000	,87.000000	,-12.500000	,-231.500000	,-282.500000	,-267.000000	,-255.000000	,-63.500000	,-49.000000	,89.000000	,26.500000	,135.000000	,135.000000	,64.500000	,-211.500000	,-309.000000	,-33.000000	,71.500000	,185.500000	,-21.500000	,33.500000	,99.500000	,167.000000	,-47.500000	,-20.500000	,248.000000	,166.500000	,276.500000	,50.000000	,-5.500000	,-184.500000	,-280.500000	,-129.000000	,-92.500000	,426.000000	,321.000000	,202.000000	,-79.500000	,-271.500000	,-159.500000	,-197.500000	,84.000000	,202.500000	,194.500000	,100.000000	,-79.500000	,-170.000000	,-156.000000	,-102.000000	,-96.000000	,-267.000000	,-106.500000	,-155.000000	,-102.500000	,-6.500000	,-129.000000	,-165.000000	,176.000000	,-103.000000	,301.000000	,-151.000000	,33.000000	,57.000000	,19.500000	,3.500000	,81.500000	,174.500000	,255.000000	,11.500000	,-21.500000	,69.500000	,71.000000	,144.000000	,-52.500000	,-132.000000	,-253.000000	,-81.000000	,-76.000000	,134.000000	,-67.000000	,-250.500000	,-258.000000	,-225.000000	,-29.000000	,-41.000000	,17.500000	,-169.500000	,-88.500000	,-65.500000	,17.500000	,-345.500000	,-581.500000	,-983.500000	,-787.000000	,-765.000000	,-517.000000	,-610.500000	,-635.500000	,-734.000000	,-804.000000	,-505.000000	,-246.000000	,-310.500000	,65.500000	,-129.000000	,-34.000000	,-412.500000	,-418.500000	,-183.000000	,21.500000	,12.500000	,-12.000000	,-195.000000	,-168.000000	,18.000000	,10.500000	,-30.000000	,-313.500000	,-301.500000	,-267.500000	,1.000000	,-2.000000	,-81.000000	,-22.000000	,-62.500000	,64.500000	,108.000000	,-19.500000	,-17.000000	,-63.000000	,-112.500000	,-120.500000	,174.500000	,421.000000	,464.500000	,122.000000	,283.000000	,436.000000	,440.500000	,88.500000	,-3.000000	,158.000000	,507.000000	,436.000000	,269.000000	,-53.000000	,-81.000000	,4.000000	,51.000000	,198.000000	,168.000000	,325.500000	,274.500000	,93.000000	,134.500000	,-44.000000	,48.000000	,202.500000	,175.500000	,145.500000	,49.000000	,5.500000	,201.000000	,521.000000	,348.500000	,234.000000	,-120.500000	,-329.000000	,-170.000000	,-252.000000	,22.500000	,-37.500000	,25.500000	,-117.500000	,-90.500000	,-183.500000	,-214.500000	,45.000000	,-205.500000	,107.500000	,109.000000	,160.000000	,51.000000	,-138.000000	,132.500000	,66.500000	,260.500000	,-43.000000	,80.000000	,-177.000000	,-54.000000	,-105.000000	,-39.000000	,-52.500000	,-90.000000	,-46.500000	,-150.000000	,-116.000000	,-26.000000	,53.500000	,177.500000	,113.500000	,61.500000	,6.500000	,-255.000000	,-260.000000	,-411.000000	,-219.000000	,-63.000000	,253.000000	,49.000000	,-93.500000	,-31.500000	,267.000000	,288.000000	,151.000000	,28.500000	,105.500000	,97.000000	,10.500000	,-39.000000	,
-208.000000	,-288.000000	,-317.000000	,-163.000000	,-82.000000	,-129.500000	,-130.500000	,-46.500000	,127.500000	,80.000000	,125.000000	,105.000000	,344.000000	,327.500000	,221.500000	,-15.000000	,-28.500000	,-220.500000	,-149.000000	,-314.000000	,-165.000000	,62.000000	,112.500000	,185.000000	,29.000000	,530.000000	,358.000000	,173.500000	,-51.000000	,-172.500000	,-108.000000	,-90.000000	,-117.000000	,-141.000000	,92.000000	,-73.000000	,170.500000	,-117.000000	,-108.000000	,8.500000	,95.500000	,134.500000	,65.500000	,54.500000	,102.500000	,17.000000	,-67.500000	,-86.000000	,-165.500000	,135.500000	,-7.000000	,168.500000	,37.500000	,67.000000	,115.000000	,-107.500000	,-36.000000	,-37.000000	,206.500000	,188.500000	,-73.000000	,-276.000000	,-36.500000	,68.000000	,102.500000	,-3.500000	,-295.500000	,-12.000000	,-135.000000	,260.500000	,274.500000	,312.000000	,98.500000	,102.500000	,35.000000	,137.000000	,156.500000	,412.000000	,162.000000	,246.000000	,-174.500000	,-198.000000	,-351.000000	,-154.500000	,-125.000000	,6.000000	,67.000000	,-159.000000	,-186.500000	,-207.000000	,-196.500000	,62.000000	,-100.000000	,-17.500000	,110.000000	,155.000000	,403.000000	,15.000000	,-102.000000	,-3.000000	,71.000000	,83.000000	,-399.000000	,-874.500000	,-852.000000	,-645.000000	,-675.000000	,-762.000000	,-1040.000000	,-954.000000	,-937.500000	,-1120.000000	,-1518.000000	,-1333.500000	,-1375.500000	,-1111.000000	,-884.000000	,-596.000000	,-869.000000	,-753.500000	,-617.000000	,-442.000000	,-219.000000	,-231.500000	,-86.000000	,78.500000	,-234.500000	,-404.000000	,-178.500000	,-377.500000	,-356.500000	,-378.500000	,-395.500000	,-152.500000	,-408.000000	,-421.500000	,-281.000000	,-50.000000	,-71.000000	,-46.500000	,8.000000	,290.000000	,177.500000	,131.500000	,47.500000	,-6.500000	,62.000000	,-161.500000	,-235.000000	,-277.500000	,-274.500000	,-199.500000	,56.500000	,63.000000	,57.000000	,42.500000	,-19.500000	,-151.500000	,-105.500000	,-108.500000	,-3.000000	,-11.500000	,25.000000	,-92.000000	,-92.000000	,-202.000000	,-259.500000	,-64.500000	,42.500000	,117.500000	,0.500000	,-34.000000	,240.500000	,420.000000	,229.000000	,-92.000000	,-177.000000	,-208.500000	,-75.500000	,-82.000000	,-43.500000	,14.500000	,28.500000	,-67.000000	,-151.500000	,-289.500000	,-162.500000	,-125.000000	,-178.500000	,-136.000000	,-76.000000	,-163.500000	,-78.500000	,29.000000	,92.000000	,56.500000	,40.500000	,81.000000	,39.000000	,0.000000	,-96.000000	,-80.000000	,-91.500000	,-63.000000	,-76.000000	,-118.500000	,103.000000	,103.000000	,118.000000	,-159.000000	,-183.000000	,-66.500000	,-4.000000	,67.500000	,106.000000	,64.000000	,46.500000	,-102.500000	,-1.500000	,-121.500000	,-120.000000	,-12.500000	,14.500000	,28.000000	,-265.500000	,-445.500000	,-211.500000	,-168.500000	,64.000000	,-158.000000	,-100.500000	,-232.500000	,-176.500000	,-152.000000	,-168.500000	,-146.500000	,-66.000000	,-139.500000	,90.500000	,26.500000	,
-46.500000	,-3.000000	,42.500000	,101.000000	,239.000000	,303.000000	,97.500000	,274.000000	,238.000000	,497.000000	,233.000000	,214.000000	,9.000000	,-51.000000	,35.500000	,91.000000	,118.000000	,130.500000	,232.000000	,-14.000000	,-83.000000	,-62.000000	,-5.500000	,137.000000	,102.000000	,74.000000	,104.000000	,182.000000	,134.000000	,131.000000	,-75.000000	,-54.000000	,71.000000	,270.000000	,240.000000	,280.000000	,70.500000	,87.500000	,59.500000	,-53.000000	,96.500000	,-70.500000	,-12.500000	,-53.000000	,-56.000000	,33.500000	,117.500000	,3.500000	,103.000000	,-68.000000	,201.000000	,84.500000	,171.500000	,44.500000	,-126.500000	,-96.000000	,-107.500000	,51.500000	,166.500000	,133.500000	,-97.500000	,56.500000	,-180.500000	,148.500000	,-53.500000	,41.000000	,-50.500000	,-194.500000	,-174.500000	,-241.500000	,-109.500000	,-149.000000	,-2.500000	,-2.500000	,112.500000	,13.500000	,11.000000	,16.000000	,179.500000	,156.500000	,159.000000	,-167.000000	,228.500000	,74.500000	,140.500000	,14.500000	,-62.000000	,39.500000	,182.500000	,128.500000	,72.000000	,-85.500000	,106.500000	,79.500000	,211.500000	,-100.500000	,-442.500000	,-800.000000	,-524.500000	,-685.000000	,-581.000000	,-1254.500000	,-1088.000000	,-1324.500000	,-970.500000	,-1139.500000	,-1172.500000	,-1467.500000	,-1580.500000	,-967.500000	,-310.000000	,41.000000	,-26.500000	,-20.500000	,-189.500000	,34.000000	,-149.000000	,-386.000000	,-22.000000	,339.500000	,175.000000	,379.000000	,-59.500000	,151.000000	,190.500000	,200.000000	,423.500000	,141.500000	,93.000000	,278.500000	,-127.500000	,129.500000	,-210.000000	,-164.000000	,-467.500000	,-368.000000	,-307.500000	,-58.000000	,-227.000000	,-196.000000	,-164.500000	,-164.500000	,-209.500000	,-267.000000	,20.500000	,45.500000	,23.000000	,-200.500000	,126.500000	,273.500000	,482.500000	,113.500000	,80.000000	,80.000000	,41.500000	,-6.000000	,-4.500000	,-15.000000	,91.000000	,-5.000000	,34.000000	,60.500000	,-38.500000	,-75.000000	,20.000000	,-196.000000	,-387.500000	,-303.000000	,-226.500000	,90.500000	,241.500000	,156.000000	,147.000000	,-46.000000	,199.500000	,152.000000	,275.000000	,-36.500000	,-35.500000	,-24.500000	,-41.000000	,-257.500000	,-156.000000	,-183.000000	,-48.000000	,134.000000	,151.500000	,327.000000	,190.000000	,-88.500000	,-11.500000	,128.000000	,258.500000	,248.000000	,164.000000	,-85.000000	,125.000000	,30.500000	,125.000000	,-94.500000	,-47.500000	,43.000000	,202.500000	,187.500000	,-41.000000	,-175.000000	,-100.500000	,-79.500000	,31.500000	,-84.000000	,83.500000	,-138.500000	,-62.000000	,-12.500000	,-71.000000	,91.000000	,43.000000	,20.500000	,-72.500000	,-56.500000	,-76.000000	,-116.500000	,54.000000	,293.500000	,433.500000	,635.500000	,382.500000	,146.500000	,-265.500000	,9.500000	,143.500000	,218.500000	,-176.500000	,-85.500000	,-229.000000	,-14.500000	,116.000000	,18.000000	,-70.500000	,-139.000000	,
-98.500000	,30.000000	,373.500000	,220.500000	,115.500000	,4.000000	,-35.000000	,-141.500000	,-11.000000	,50.000000	,79.500000	,23.000000	,-69.500000	,-90.500000	,-175.000000	,-98.500000	,-251.000000	,-32.000000	,-46.500000	,139.500000	,165.500000	,264.000000	,237.500000	,62.000000	,117.500000	,-66.000000	,55.000000	,52.000000	,85.000000	,60.500000	,102.000000	,61.500000	,31.000000	,-82.500000	,-30.000000	,-103.500000	,90.500000	,308.000000	,239.000000	,114.500000	,-89.500000	,15.500000	,-10.500000	,34.500000	,-10.500000	,102.500000	,8.000000	,-65.500000	,-151.500000	,-367.500000	,-89.500000	,-121.000000	,-26.500000	,-138.000000	,-344.500000	,-364.500000	,-370.500000	,-289.000000	,-33.500000	,-107.000000	,-9.500000	,82.500000	,54.000000	,70.000000	,156.500000	,2.000000	,129.000000	,-110.000000	,133.500000	,-13.000000	,-65.000000	,-197.500000	,-58.500000	,-141.000000	,-36.000000	,-112.500000	,20.500000	,-56.000000	,-6.500000	,-132.000000	,-139.500000	,124.500000	,130.000000	,155.500000	,58.000000	,-61.500000	,18.000000	,-158.500000	,-8.500000	,-82.000000	,35.500000	,-53.000000	,-233.000000	,-645.500000	,-786.500000	,-1011.500000	,-1245.500000	,-831.000000	,-949.500000	,-1147.000000	,-1449.000000	,-1121.500000	,-426.500000	,101.000000	,28.500000	,-309.500000	,-284.000000	,-30.000000	,174.000000	,11.000000	,-168.500000	,-238.500000	,-71.500000	,-236.000000	,-13.000000	,-189.500000	,36.000000	,-457.000000	,-522.000000	,-293.000000	,-124.000000	,-171.000000	,-155.000000	,-96.500000	,-36.500000	,-154.500000	,-175.500000	,-216.000000	,-370.000000	,-172.500000	,238.500000	,123.500000	,291.500000	,-155.000000	,357.000000	,287.500000	,315.500000	,-22.500000	,-198.000000	,-234.000000	,-349.500000	,-389.000000	,-167.000000	,-278.500000	,-11.000000	,201.500000	,240.500000	,179.500000	,56.000000	,122.500000	,144.000000	,131.500000	,-21.000000	,0.000000	,-126.000000	,-75.000000	,-103.500000	,185.000000	,190.000000	,167.500000	,60.000000	,35.500000	,-62.000000	,72.500000	,91.000000	,121.000000	,280.000000	,129.500000	,29.000000	,-54.500000	,-50.000000	,84.500000	,46.000000	,54.000000	,-29.500000	,-34.000000	,-21.000000	,133.500000	,255.000000	,321.000000	,129.000000	,134.000000	,84.500000	,167.500000	,201.500000	,252.500000	,310.000000	,347.000000	,347.000000	,160.500000	,42.000000	,-12.500000	,-23.500000	,-154.500000	,-28.000000	,144.500000	,238.500000	,202.500000	,-1.500000	,-107.000000	,71.000000	,-64.000000	,4.500000	,-37.000000	,-101.500000	,101.000000	,77.000000	,170.000000	,29.500000	,265.000000	,244.500000	,230.000000	,105.000000	,77.500000	,-44.000000	,-129.500000	,-171.500000	,-12.500000	,-112.500000	,-87.500000	,140.500000	,180.000000	,111.500000	,-100.000000	,-0.500000	,146.500000	,205.000000	,-63.000000	,57.000000	,90.500000	,171.000000	,123.000000	,321.500000	,416.000000	,378.500000	,145.000000	,-12.000000	,-93.000000	,-64.500000	,-199.000000	,
73.500000	,-90.000000	,-67.000000	,-280.000000	,-340.500000	,-382.500000	,-265.500000	,-216.000000	,5.000000	,-5.500000	,113.000000	,76.500000	,9.000000	,-57.000000	,-78.500000	,-45.500000	,-101.000000	,-143.500000	,-226.000000	,-131.500000	,-18.500000	,-24.500000	,-36.000000	,-73.000000	,-73.000000	,-25.000000	,-53.500000	,-53.500000	,-97.500000	,-120.500000	,-135.500000	,-138.500000	,-111.000000	,-41.000000	,64.500000	,51.000000	,0.500000	,-87.000000	,-77.500000	,-133.000000	,-190.000000	,-262.500000	,-46.000000	,17.000000	,92.500000	,42.500000	,132.500000	,283.000000	,101.500000	,184.000000	,-159.000000	,-49.500000	,-151.500000	,-126.000000	,50.000000	,71.000000	,216.500000	,-11.000000	,-39.500000	,-36.500000	,-176.500000	,-38.500000	,-35.500000	,17.500000	,12.000000	,254.500000	,64.500000	,325.000000	,64.000000	,276.500000	,-8.500000	,134.000000	,94.000000	,100.000000	,-151.500000	,-165.000000	,-126.000000	,-19.500000	,-84.500000	,138.000000	,342.000000	,380.000000	,187.500000	,-102.000000	,-15.000000	,-110.000000	,8.500000	,71.500000	,-237.000000	,-12.500000	,-246.500000	,-126.500000	,-780.000000	,-505.000000	,-1220.500000	,-825.000000	,-799.500000	,-367.000000	,-212.500000	,-61.500000	,71.500000	,587.500000	,82.000000	,-153.000000	,-377.000000	,-342.500000	,-85.500000	,173.000000	,147.000000	,4.000000	,-204.000000	,35.500000	,-116.000000	,68.000000	,-256.000000	,-157.000000	,81.000000	,255.000000	,251.500000	,94.000000	,-181.000000	,-124.000000	,-245.000000	,-470.000000	,-579.500000	,-192.500000	,397.500000	,419.500000	,309.500000	,101.000000	,-10.000000	,-73.000000	,-190.500000	,-165.500000	,-41.000000	,103.500000	,-263.000000	,128.500000	,80.000000	,137.000000	,350.500000	,137.500000	,322.500000	,-157.000000	,-344.500000	,-462.000000	,-175.000000	,-165.500000	,-119.000000	,-518.500000	,-489.000000	,-382.500000	,-75.000000	,-114.000000	,-104.000000	,25.000000	,-119.000000	,-129.000000	,-129.000000	,0.000000	,0.000000	,32.500000	,91.500000	,36.000000	,-20.500000	,176.000000	,380.500000	,401.500000	,-5.500000	,60.000000	,-189.000000	,-29.000000	,-158.000000	,-78.000000	,-217.000000	,-389.500000	,-259.500000	,-195.000000	,-3.000000	,-0.500000	,86.500000	,266.000000	,279.000000	,195.000000	,-6.500000	,-76.000000	,-131.500000	,-133.500000	,-94.500000	,-88.500000	,-78.500000	,-105.500000	,-128.000000	,-127.000000	,21.500000	,68.000000	,-64.500000	,-13.500000	,-51.500000	,152.000000	,60.500000	,89.500000	,-159.000000	,-51.500000	,5.000000	,44.000000	,-65.000000	,-210.000000	,-115.000000	,-61.000000	,-31.000000	,-70.500000	,-27.000000	,-12.000000	,-142.000000	,70.000000	,30.500000	,167.500000	,21.500000	,-2.500000	,-47.000000	,-84.500000	,-216.000000	,-250.500000	,-240.000000	,-306.000000	,-307.500000	,-142.500000	,114.000000	,165.000000	,27.000000	,-120.000000	,-58.500000	,-143.500000	,27.500000	,-13.000000	,90.000000	,-17.500000	,95.000000	,-41.000000	,
107.000000	,71.000000	,-131.500000	,-150.000000	,51.000000	,101.000000	,46.500000	,29.000000	,-47.500000	,-3.500000	,-67.500000	,-60.500000	,110.500000	,184.500000	,325.000000	,114.500000	,211.000000	,127.500000	,328.500000	,227.000000	,96.500000	,46.500000	,-229.500000	,-235.500000	,-81.000000	,-171.000000	,-69.000000	,-10.500000	,-97.500000	,-15.000000	,-29.000000	,-114.500000	,-50.000000	,-171.000000	,-24.000000	,-94.000000	,-48.500000	,37.500000	,17.000000	,134.500000	,72.500000	,105.500000	,-50.000000	,-9.500000	,-136.500000	,-159.000000	,-205.500000	,-184.500000	,-124.000000	,69.000000	,63.500000	,50.500000	,21.500000	,149.500000	,267.500000	,562.000000	,301.500000	,281.000000	,-86.500000	,90.500000	,72.500000	,271.500000	,350.000000	,259.000000	,53.500000	,27.500000	,-78.500000	,54.500000	,91.000000	,249.000000	,295.500000	,22.000000	,-118.500000	,-250.500000	,-222.000000	,-168.000000	,-171.000000	,-279.000000	,-161.500000	,-131.500000	,-137.500000	,-126.000000	,-135.000000	,141.500000	,126.500000	,280.000000	,140.000000	,-100.000000	,-27.500000	,-234.500000	,-285.500000	,-1002.000000	,-650.000000	,-751.000000	,-221.500000	,-104.500000	,-87.500000	,-123.500000	,-476.500000	,-130.000000	,81.500000	,236.500000	,234.000000	,227.500000	,1.500000	,184.000000	,-106.000000	,-251.500000	,84.500000	,-20.000000	,341.500000	,268.000000	,30.500000	,384.500000	,136.000000	,416.000000	,171.500000	,319.500000	,35.500000	,199.000000	,-214.500000	,217.500000	,170.000000	,430.000000	,252.000000	,231.000000	,47.000000	,186.000000	,168.500000	,134.500000	,-233.000000	,184.000000	,-57.500000	,324.000000	,134.000000	,136.500000	,-35.500000	,1.500000	,-70.500000	,240.000000	,201.500000	,114.000000	,-83.500000	,-355.500000	,-28.500000	,-216.500000	,-162.000000	,25.500000	,-221.000000	,-819.500000	,-862.000000	,-1237.000000	,-788.500000	,-568.500000	,-205.000000	,-50.500000	,-73.000000	,-69.000000	,-232.500000	,-103.500000	,-180.000000	,-76.500000	,-135.500000	,-164.000000	,-108.500000	,-303.000000	,-245.500000	,-280.000000	,9.500000	,16.500000	,107.500000	,17.500000	,-69.500000	,-205.500000	,-152.000000	,3.000000	,-10.500000	,-37.000000	,-61.500000	,-3.000000	,-31.500000	,-79.500000	,-229.500000	,-198.000000	,-202.500000	,-49.500000	,-97.000000	,62.000000	,-11.500000	,33.000000	,-6.000000	,273.500000	,104.000000	,43.500000	,-426.500000	,-242.000000	,-240.000000	,-45.000000	,-190.500000	,-135.000000	,-97.500000	,-28.500000	,211.000000	,320.000000	,258.000000	,-7.000000	,-159.500000	,-109.500000	,-154.500000	,-130.500000	,-54.000000	,-265.500000	,-249.500000	,-215.000000	,128.000000	,157.000000	,149.500000	,-63.000000	,15.500000	,182.500000	,156.500000	,236.500000	,160.000000	,136.500000	,-98.500000	,-390.000000	,-216.000000	,-339.000000	,-101.000000	,-212.000000	,-17.000000	,-328.500000	,-121.500000	,-292.500000	,0.000000	,-151.500000	,-69.000000	,28.500000	,120.000000	,33.500000	,
-305.500000	,-459.000000	,-10.500000	,236.500000	,448.500000	,457.500000	,168.500000	,106.500000	,-114.000000	,-181.500000	,-118.500000	,-150.000000	,0.000000	,-12.000000	,22.500000	,-147.000000	,-129.000000	,-166.500000	,-81.000000	,97.500000	,47.000000	,27.500000	,163.500000	,104.500000	,95.500000	,-7.500000	,-21.000000	,78.000000	,117.500000	,141.500000	,-5.500000	,180.500000	,-39.500000	,275.000000	,134.500000	,137.000000	,-36.000000	,38.000000	,-44.500000	,80.500000	,141.500000	,195.500000	,79.000000	,-55.500000	,-237.000000	,-243.000000	,-330.000000	,-50.500000	,-3.500000	,218.500000	,298.500000	,103.000000	,55.000000	,-122.000000	,-134.500000	,-88.000000	,-134.000000	,-46.500000	,53.000000	,33.000000	,160.000000	,38.000000	,-105.500000	,-82.500000	,-25.000000	,92.000000	,224.000000	,63.000000	,-19.500000	,-115.500000	,-115.500000	,-87.000000	,-72.000000	,-184.000000	,194.000000	,231.000000	,290.500000	,36.500000	,55.500000	,-132.000000	,-298.000000	,-298.500000	,-357.000000	,-102.000000	,-120.500000	,-221.000000	,-266.000000	,-159.000000	,246.500000	,-117.000000	,-165.500000	,-337.500000	,-201.000000	,-209.000000	,-462.500000	,-409.500000	,-45.500000	,-119.000000	,209.500000	,-299.500000	,-320.500000	,-675.500000	,-272.000000	,-162.000000	,41.000000	,-170.500000	,-296.500000	,-224.000000	,-348.000000	,177.000000	,-13.000000	,-32.500000	,-38.500000	,-335.000000	,26.000000	,69.000000	,82.000000	,-99.500000	,-301.500000	,-193.000000	,-67.500000	,202.000000	,377.000000	,459.000000	,390.500000	,167.000000	,-112.000000	,-286.500000	,-358.500000	,-235.500000	,-93.500000	,169.500000	,6.500000	,-243.000000	,-229.000000	,6.000000	,457.000000	,348.500000	,240.500000	,-33.500000	,-126.000000	,-179.500000	,-86.000000	,304.500000	,382.500000	,248.000000	,114.500000	,-23.000000	,-135.000000	,68.500000	,-291.000000	,-648.000000	,-1243.500000	,-1002.500000	,-975.500000	,-912.500000	,-325.000000	,-232.000000	,-28.000000	,-139.500000	,-180.000000	,-3.000000	,-273.000000	,2.000000	,-151.000000	,-238.000000	,-169.000000	,-278.500000	,-62.500000	,-120.000000	,3.000000	,75.500000	,8.000000	,146.000000	,281.500000	,394.000000	,301.000000	,77.000000	,-151.000000	,-157.000000	,-194.500000	,-193.000000	,-149.500000	,-214.500000	,-86.000000	,107.500000	,220.500000	,42.500000	,-30.500000	,18.500000	,-50.500000	,-67.500000	,15.500000	,24.500000	,-124.000000	,-196.500000	,-174.500000	,-44.000000	,157.000000	,120.000000	,184.500000	,54.000000	,-43.500000	,-72.000000	,-70.500000	,-83.500000	,79.500000	,173.000000	,262.500000	,139.500000	,26.500000	,34.500000	,-109.500000	,-21.000000	,-116.000000	,-102.000000	,-26.500000	,-122.500000	,-8.000000	,15.500000	,78.500000	,-31.500000	,135.000000	,-56.500000	,97.500000	,211.000000	,380.500000	,433.500000	,177.500000	,71.000000	,57.500000	,32.500000	,108.500000	,163.500000	,137.500000	,1.000000	,-10.500000	,-136.500000	,0.000000	,-53.500000	,
-151.500000	,39.000000	,-179.500000	,-7.000000	,-141.500000	,-141.500000	,46.000000	,221.000000	,125.500000	,-48.500000	,-41.500000	,-121.000000	,-128.500000	,-157.000000	,-117.000000	,131.000000	,38.500000	,211.000000	,-86.500000	,34.500000	,-8.000000	,103.500000	,25.500000	,13.000000	,-128.500000	,-93.000000	,-131.000000	,-12.500000	,-124.500000	,-109.500000	,27.500000	,170.000000	,173.000000	,-91.500000	,-168.500000	,-230.000000	,-179.500000	,-35.000000	,127.000000	,135.000000	,-105.000000	,-145.500000	,-241.500000	,46.000000	,32.500000	,265.000000	,92.000000	,193.000000	,243.000000	,167.500000	,21.500000	,58.000000	,-13.000000	,33.500000	,-318.500000	,-70.500000	,-90.000000	,52.000000	,140.500000	,-185.000000	,-11.000000	,-71.000000	,89.000000	,68.500000	,-6.500000	,0.000000	,-42.000000	,-294.000000	,-175.500000	,-349.500000	,-15.500000	,42.000000	,87.000000	,95.500000	,-11.500000	,-14.500000	,57.500000	,153.000000	,207.000000	,-36.000000	,-225.000000	,-346.500000	,-247.500000	,-341.000000	,-291.500000	,-412.000000	,-226.000000	,67.000000	,178.000000	,294.500000	,247.000000	,501.000000	,325.000000	,188.500000	,267.500000	,137.000000	,320.000000	,96.500000	,-12.500000	,288.500000	,109.500000	,79.500000	,-209.500000	,-133.500000	,-346.500000	,-30.500000	,22.500000	,201.500000	,342.000000	,234.500000	,-24.000000	,-231.500000	,-242.000000	,-259.000000	,-229.500000	,-398.500000	,-318.000000	,-117.500000	,201.500000	,174.000000	,-34.500000	,-169.500000	,68.000000	,-61.000000	,-55.500000	,-170.000000	,-167.000000	,-486.000000	,-243.500000	,-37.500000	,64.000000	,-466.500000	,-131.000000	,-418.000000	,-106.000000	,-416.000000	,-119.500000	,-1.000000	,-152.500000	,-317.000000	,-474.500000	,-409.000000	,-477.500000	,21.000000	,-76.500000	,221.000000	,65.500000	,0.000000	,-329.000000	,-104.500000	,55.000000	,129.500000	,-109.500000	,-583.500000	,-831.500000	,-1186.000000	,-1014.500000	,-1127.000000	,-597.000000	,-448.500000	,-88.500000	,-3.000000	,198.000000	,347.000000	,184.500000	,275.000000	,257.000000	,418.500000	,248.500000	,225.500000	,111.000000	,87.000000	,93.000000	,187.000000	,212.500000	,63.500000	,88.500000	,82.500000	,-82.000000	,-184.500000	,-303.000000	,1.000000	,165.000000	,49.500000	,69.500000	,-243.000000	,-80.000000	,-21.500000	,-29.000000	,-19.500000	,-24.000000	,-18.500000	,10.000000	,263.500000	,584.500000	,445.000000	,299.500000	,23.500000	,84.000000	,61.500000	,-157.000000	,-192.000000	,-118.500000	,-109.000000	,37.000000	,-179.000000	,2.000000	,-240.000000	,-33.000000	,-39.000000	,31.500000	,223.500000	,363.500000	,309.500000	,131.000000	,105.000000	,25.500000	,-7.500000	,-5.500000	,-94.000000	,-69.000000	,-33.500000	,19.000000	,18.000000	,165.500000	,94.500000	,75.000000	,43.500000	,15.500000	,113.500000	,-140.500000	,107.000000	,-39.000000	,172.500000	,-30.000000	,181.000000	,170.500000	,131.500000	,-100.500000	,-163.000000	,
241.000000	,-4.000000	,124.000000	,-366.000000	,-183.000000	,-117.000000	,-264.000000	,-120.000000	,-319.500000	,89.000000	,-92.500000	,-133.000000	,-156.000000	,-240.000000	,-105.000000	,-114.000000	,36.000000	,85.500000	,61.500000	,0.000000	,39.500000	,36.500000	,49.000000	,39.000000	,275.500000	,228.500000	,164.500000	,-15.000000	,-4.500000	,-45.000000	,-49.500000	,-105.000000	,0.000000	,-76.500000	,-65.000000	,-168.500000	,-282.500000	,-162.000000	,-136.500000	,-114.000000	,-234.000000	,-193.500000	,-229.500000	,-82.500000	,221.000000	,245.000000	,150.500000	,-91.500000	,-171.000000	,-168.000000	,-282.000000	,-166.000000	,-227.500000	,36.500000	,245.500000	,247.000000	,317.500000	,38.000000	,47.000000	,-37.500000	,-168.500000	,-147.000000	,22.000000	,137.500000	,116.500000	,6.500000	,-122.500000	,-128.000000	,63.500000	,-194.500000	,-17.000000	,-349.500000	,-187.500000	,-271.500000	,-153.000000	,-54.000000	,48.000000	,18.000000	,-40.500000	,-106.500000	,139.000000	,6.500000	,-108.500000	,-549.000000	,-532.000000	,-501.000000	,-210.000000	,-575.000000	,-676.500000	,-260.500000	,85.500000	,43.500000	,229.500000	,-43.000000	,149.000000	,175.500000	,378.000000	,57.000000	,42.000000	,41.000000	,246.500000	,110.500000	,252.500000	,-103.000000	,-53.500000	,-66.500000	,72.000000	,309.000000	,-3.000000	,119.000000	,306.500000	,459.000000	,414.000000	,372.000000	,356.500000	,279.000000	,-215.000000	,-411.000000	,-417.500000	,-140.000000	,50.000000	,160.500000	,73.500000	,-184.500000	,-257.500000	,90.500000	,-105.500000	,82.000000	,81.000000	,91.000000	,-172.000000	,-180.500000	,-27.500000	,-42.500000	,199.500000	,-308.000000	,100.500000	,65.500000	,37.000000	,-20.500000	,-5.500000	,-33.500000	,-64.000000	,-242.000000	,-328.000000	,-34.500000	,82.500000	,89.500000	,-147.500000	,-297.500000	,-369.500000	,-161.000000	,-270.000000	,123.000000	,222.000000	,128.500000	,-444.000000	,-756.000000	,-1044.000000	,-754.500000	,-1203.000000	,-656.500000	,-367.000000	,68.500000	,30.500000	,154.500000	,25.000000	,37.000000	,-138.000000	,-160.500000	,-46.000000	,26.000000	,51.500000	,-117.000000	,-85.500000	,-207.000000	,-111.000000	,-240.500000	,-76.500000	,205.500000	,327.500000	,208.500000	,69.000000	,-44.000000	,-32.000000	,4.000000	,-31.000000	,141.500000	,81.500000	,-48.500000	,-85.000000	,-31.000000	,-114.500000	,-147.000000	,-211.500000	,78.500000	,151.000000	,152.500000	,0.500000	,-40.500000	,-60.000000	,98.500000	,-32.000000	,-87.500000	,-132.000000	,65.500000	,235.000000	,115.000000	,-147.000000	,-170.000000	,-257.000000	,-143.000000	,-162.000000	,-75.000000	,23.000000	,53.000000	,12.500000	,-36.000000	,-156.000000	,-190.500000	,-95.000000	,-4.000000	,33.500000	,26.000000	,103.000000	,-87.500000	,-61.000000	,-85.500000	,22.000000	,-73.000000	,-132.000000	,-1.000000	,-203.500000	,-84.000000	,-117.000000	,-205.500000	,-159.500000	,-42.500000	,-5.000000	,-41.500000	,
59.500000	,352.500000	,184.500000	,97.500000	,175.500000	,42.000000	,-15.000000	,-70.000000	,133.000000	,340.000000	,244.000000	,92.500000	,36.000000	,216.500000	,206.500000	,141.500000	,-39.500000	,-54.000000	,-9.000000	,80.000000	,53.000000	,-52.500000	,-127.500000	,-37.500000	,-150.000000	,-86.500000	,-304.000000	,-244.000000	,-47.500000	,-2.000000	,89.500000	,-163.000000	,-57.000000	,-56.000000	,62.000000	,155.000000	,239.000000	,-23.000000	,-8.000000	,-264.000000	,77.500000	,79.000000	,180.000000	,-14.500000	,8.000000	,-201.000000	,-120.000000	,-211.500000	,9.000000	,-168.000000	,-10.500000	,7.500000	,134.500000	,205.000000	,205.000000	,117.500000	,57.500000	,120.000000	,-51.000000	,32.500000	,-114.000000	,32.500000	,-115.500000	,-19.500000	,-55.500000	,-48.000000	,-69.500000	,366.500000	,312.500000	,473.000000	,220.000000	,309.500000	,356.000000	,431.500000	,225.000000	,-59.500000	,-52.500000	,-312.000000	,-343.500000	,-112.000000	,22.000000	,347.500000	,231.000000	,165.000000	,-26.500000	,41.500000	,-110.500000	,-321.000000	,-223.500000	,-419.000000	,-189.500000	,-386.500000	,174.000000	,314.500000	,190.000000	,23.000000	,179.000000	,310.000000	,160.500000	,115.000000	,-521.500000	,-154.500000	,46.500000	,302.000000	,409.000000	,172.500000	,-111.000000	,14.500000	,-164.500000	,-100.500000	,-124.000000	,235.000000	,276.000000	,521.000000	,130.500000	,206.000000	,-49.000000	,71.000000	,407.500000	,290.500000	,69.500000	,-138.500000	,-167.000000	,101.000000	,233.500000	,500.500000	,340.500000	,361.000000	,-37.500000	,70.000000	,-240.000000	,465.000000	,134.000000	,516.000000	,98.000000	,249.000000	,-65.000000	,-166.000000	,-5.000000	,203.500000	,606.500000	,584.000000	,573.000000	,188.000000	,22.000000	,-257.500000	,-308.500000	,-427.500000	,-645.000000	,-151.000000	,-195.000000	,-62.500000	,-84.500000	,-95.500000	,-365.000000	,-64.500000	,36.000000	,127.500000	,-151.500000	,-927.000000	,-857.000000	,-1020.500000	,-1000.000000	,-876.000000	,-618.500000	,-222.500000	,28.500000	,-11.000000	,-123.500000	,-85.000000	,-291.000000	,-113.500000	,20.000000	,-49.000000	,-31.500000	,115.500000	,-60.000000	,19.500000	,-65.000000	,144.500000	,-1.000000	,-49.500000	,-178.000000	,255.000000	,-46.000000	,174.500000	,-95.000000	,-21.000000	,85.000000	,-32.000000	,37.000000	,-104.000000	,-150.000000	,-69.000000	,-175.000000	,-109.500000	,-78.500000	,-83.000000	,-43.500000	,30.500000	,228.000000	,167.500000	,-23.000000	,-43.000000	,-197.500000	,107.500000	,-145.000000	,-25.500000	,-245.000000	,32.500000	,-267.000000	,10.000000	,-212.000000	,10.000000	,-42.000000	,-12.000000	,46.500000	,-109.500000	,-57.000000	,-79.000000	,14.500000	,8.000000	,-126.000000	,105.500000	,245.000000	,204.500000	,7.000000	,-249.000000	,-51.000000	,-181.500000	,205.000000	,167.500000	,319.500000	,-121.000000	,-160.000000	,-81.500000	,-27.500000	,61.000000	,-40.500000	,-134.500000	,
-92.500000	,-31.500000	,36.000000	,-5.000000	,130.000000	,-15.500000	,95.000000	,33.500000	,-1.000000	,-121.500000	,40.000000	,17.000000	,112.000000	,-63.000000	,-38.500000	,-102.000000	,-43.000000	,32.000000	,35.000000	,-27.000000	,-76.500000	,-75.500000	,16.500000	,1.500000	,-13.500000	,-156.500000	,-210.500000	,-189.000000	,-295.500000	,-116.500000	,44.000000	,99.500000	,-54.000000	,-58.500000	,-25.000000	,35.000000	,203.500000	,-162.000000	,-115.500000	,-110.000000	,275.500000	,404.000000	,230.000000	,-39.500000	,-37.500000	,-348.500000	,-402.500000	,-219.500000	,-112.500000	,265.000000	,228.500000	,228.500000	,17.500000	,-91.500000	,-93.000000	,-168.000000	,-112.500000	,-112.500000	,-23.000000	,8.000000	,44.500000	,67.500000	,80.000000	,-58.500000	,-108.000000	,-117.000000	,68.500000	,55.000000	,58.000000	,17.500000	,43.000000	,84.000000	,-96.000000	,-217.500000	,-194.000000	,-173.500000	,-119.500000	,-144.000000	,-239.500000	,-211.000000	,-346.000000	,13.500000	,82.000000	,626.500000	,746.500000	,769.500000	,652.000000	,497.000000	,647.000000	,156.000000	,61.500000	,170.000000	,117.500000	,424.000000	,-193.500000	,-226.500000	,-460.500000	,-452.000000	,-99.500000	,-93.000000	,232.000000	,-45.500000	,260.000000	,-51.500000	,105.000000	,95.000000	,-16.000000	,145.000000	,186.000000	,236.500000	,-312.000000	,-290.500000	,-161.000000	,-92.000000	,-127.000000	,-295.500000	,136.500000	,81.500000	,559.500000	,355.500000	,302.500000	,-71.500000	,-271.500000	,-319.500000	,-327.000000	,-401.000000	,-36.500000	,-16.500000	,217.500000	,19.500000	,-80.000000	,-66.500000	,-35.000000	,38.500000	,406.500000	,202.500000	,-42.500000	,-151.500000	,-114.000000	,-306.000000	,-198.500000	,-137.500000	,282.500000	,516.500000	,245.500000	,-62.000000	,-205.000000	,-529.000000	,-90.000000	,-495.000000	,-254.000000	,-394.500000	,229.000000	,-124.000000	,138.500000	,-210.000000	,14.000000	,-214.000000	,-397.500000	,-407.000000	,32.000000	,-131.000000	,-681.500000	,-1146.000000	,-1147.000000	,-1046.000000	,-710.000000	,-264.500000	,93.000000	,82.500000	,232.500000	,-81.500000	,-63.500000	,4.000000	,-30.000000	,36.000000	,-43.000000	,162.500000	,102.500000	,36.000000	,-208.500000	,-138.000000	,-141.000000	,-3.000000	,198.000000	,88.500000	,109.500000	,35.000000	,-34.000000	,55.500000	,-40.500000	,42.000000	,-35.500000	,220.000000	,52.000000	,49.000000	,-198.000000	,-183.000000	,-154.500000	,-91.500000	,-88.500000	,-73.000000	,7.000000	,230.000000	,-65.000000	,-41.500000	,-453.500000	,-222.000000	,-62.500000	,110.000000	,428.000000	,175.500000	,290.500000	,-45.500000	,-0.500000	,-50.500000	,-56.500000	,204.500000	,260.500000	,379.000000	,107.500000	,-64.500000	,-40.500000	,-77.000000	,-78.500000	,72.500000	,22.500000	,297.500000	,37.500000	,28.000000	,-194.500000	,-91.000000	,-76.000000	,-70.000000	,142.000000	,103.000000	,149.500000	,-111.000000	,-334.500000	,-149.500000	,
30.500000	,74.000000	,183.500000	,109.500000	,20.500000	,2.000000	,55.500000	,3.000000	,96.500000	,-85.500000	,16.500000	,156.000000	,217.500000	,94.500000	,-110.500000	,-23.500000	,108.500000	,99.000000	,43.500000	,-141.000000	,-139.500000	,-163.500000	,-134.000000	,-118.500000	,-131.500000	,137.000000	,433.000000	,398.500000	,171.000000	,101.500000	,-14.500000	,89.000000	,-68.500000	,-6.000000	,-150.000000	,-46.000000	,-75.500000	,74.000000	,-132.500000	,41.500000	,-112.500000	,-141.000000	,-61.500000	,-46.000000	,24.500000	,125.500000	,302.000000	,311.000000	,156.000000	,-15.000000	,-43.500000	,-39.000000	,19.000000	,-29.000000	,25.000000	,-205.500000	,-37.500000	,-114.000000	,-26.000000	,-189.500000	,-167.000000	,-285.000000	,-267.000000	,-122.000000	,-357.500000	,-83.500000	,-234.500000	,-65.000000	,-84.000000	,-213.000000	,-303.000000	,-277.500000	,-247.500000	,32.000000	,-96.000000	,-120.500000	,-235.000000	,-89.000000	,19.500000	,261.000000	,-69.500000	,-95.000000	,-389.500000	,-311.000000	,-293.000000	,-282.500000	,-329.000000	,-343.000000	,-65.000000	,209.500000	,476.500000	,408.500000	,174.500000	,-202.500000	,-123.500000	,-186.500000	,-156.000000	,-215.500000	,-46.000000	,91.500000	,520.000000	,55.500000	,377.000000	,46.500000	,327.000000	,256.000000	,322.500000	,-288.500000	,169.500000	,-169.500000	,181.500000	,65.000000	,-306.000000	,103.500000	,63.000000	,265.500000	,203.500000	,-237.000000	,-270.000000	,-418.500000	,-138.000000	,38.500000	,146.000000	,-210.000000	,-101.500000	,-413.000000	,67.500000	,-7.000000	,72.000000	,-126.500000	,-50.000000	,-251.000000	,65.000000	,-269.000000	,39.000000	,-53.000000	,191.000000	,72.500000	,77.000000	,18.000000	,-67.000000	,-351.000000	,-466.000000	,-274.500000	,219.000000	,140.500000	,251.500000	,94.000000	,329.000000	,167.000000	,139.500000	,254.000000	,20.500000	,-61.500000	,-36.000000	,-155.000000	,-408.500000	,-357.500000	,35.000000	,507.500000	,542.500000	,199.500000	,212.000000	,23.500000	,-328.000000	,-730.500000	,-930.000000	,-957.500000	,-518.500000	,-112.000000	,195.500000	,-33.500000	,-328.500000	,-340.500000	,-354.000000	,-149.000000	,129.500000	,200.000000	,212.500000	,-46.500000	,272.500000	,134.500000	,227.500000	,-223.500000	,-175.500000	,-187.500000	,-123.000000	,-85.500000	,-88.000000	,-119.500000	,-191.500000	,-82.500000	,145.500000	,250.000000	,271.500000	,-55.500000	,-229.500000	,-114.000000	,-98.500000	,90.500000	,-42.000000	,23.500000	,15.500000	,99.500000	,-9.000000	,2.500000	,-48.500000	,347.000000	,255.500000	,126.500000	,-115.500000	,39.000000	,-4.500000	,0.000000	,-21.000000	,-91.500000	,-64.000000	,-8.500000	,-87.500000	,-68.500000	,-111.000000	,-3.500000	,141.000000	,142.000000	,26.000000	,-151.500000	,-129.500000	,-208.500000	,-179.500000	,-182.000000	,-296.000000	,-73.000000	,-201.000000	,58.000000	,77.500000	,118.000000	,-58.500000	,-142.500000	,181.000000	,90.000000	,
-111.000000	,55.500000	,66.500000	,81.500000	,-165.000000	,-266.500000	,-211.000000	,-40.000000	,202.500000	,127.500000	,-15.000000	,-46.000000	,29.000000	,20.000000	,-75.000000	,17.500000	,-105.500000	,-209.000000	,-114.000000	,-178.500000	,-67.500000	,-112.500000	,-225.000000	,-370.500000	,-25.500000	,-147.000000	,-39.000000	,0.000000	,131.500000	,215.500000	,-15.000000	,-58.000000	,-99.000000	,-167.000000	,-95.000000	,-328.500000	,-280.000000	,-301.000000	,84.000000	,31.000000	,179.500000	,21.000000	,83.500000	,23.500000	,29.500000	,312.500000	,432.000000	,366.000000	,113.500000	,-14.000000	,69.500000	,153.500000	,65.500000	,11.500000	,-62.000000	,178.000000	,136.500000	,90.000000	,-190.000000	,273.500000	,274.500000	,329.500000	,-21.000000	,-188.500000	,50.500000	,9.500000	,2.000000	,-6.000000	,-127.000000	,-210.000000	,-177.500000	,-216.000000	,56.500000	,-157.000000	,21.000000	,-272.000000	,51.000000	,145.000000	,292.500000	,92.000000	,241.000000	,-310.000000	,-40.500000	,67.000000	,22.500000	,74.500000	,-282.500000	,318.000000	,170.000000	,269.500000	,-148.500000	,-50.500000	,132.500000	,677.000000	,390.000000	,221.000000	,465.500000	,188.000000	,259.000000	,-93.500000	,-131.000000	,-77.000000	,-463.500000	,-53.000000	,-290.000000	,267.500000	,349.000000	,159.500000	,-116.000000	,-395.000000	,-321.000000	,-182.000000	,115.000000	,10.000000	,-165.000000	,-305.500000	,-608.500000	,-391.500000	,-633.500000	,-371.500000	,-628.000000	,1.000000	,132.000000	,603.500000	,-41.500000	,495.000000	,-7.000000	,236.000000	,57.500000	,279.500000	,430.000000	,514.500000	,265.000000	,169.500000	,-180.000000	,-95.000000	,183.500000	,-90.500000	,-269.000000	,-344.000000	,51.500000	,-32.500000	,-213.000000	,-434.000000	,-447.500000	,-247.000000	,65.500000	,-194.000000	,2.000000	,-225.500000	,227.500000	,231.000000	,236.000000	,-31.500000	,-152.500000	,-261.000000	,-179.500000	,4.500000	,320.500000	,371.500000	,-48.000000	,-310.500000	,-598.500000	,-463.000000	,-250.000000	,-235.000000	,-513.500000	,-999.500000	,-1022.000000	,-1168.500000	,-471.000000	,-586.000000	,66.000000	,-141.000000	,136.000000	,56.500000	,-75.500000	,-96.500000	,-175.500000	,61.000000	,19.000000	,210.500000	,143.500000	,24.000000	,-41.500000	,-253.000000	,-6.000000	,-127.500000	,-102.500000	,28.000000	,244.500000	,281.000000	,170.000000	,0.000000	,-58.500000	,-73.500000	,-18.000000	,61.500000	,40.000000	,-39.500000	,54.000000	,-77.500000	,-94.000000	,-286.500000	,-38.500000	,131.500000	,298.000000	,189.500000	,150.000000	,-36.000000	,132.500000	,96.500000	,2.000000	,-134.500000	,-277.000000	,-209.500000	,-156.500000	,-171.500000	,-183.000000	,-428.500000	,-281.500000	,-322.500000	,-133.500000	,-154.500000	,33.000000	,-141.500000	,-132.500000	,-217.500000	,-46.000000	,27.500000	,51.500000	,-51.000000	,-9.500000	,2.000000	,-122.000000	,95.000000	,192.500000	,275.000000	,102.000000	,18.500000	,
-148.000000	,-224.500000	,-63.500000	,-147.000000	,-104.000000	,49.000000	,80.000000	,-50.500000	,-106.500000	,-259.500000	,-184.500000	,-252.000000	,-12.000000	,-75.000000	,211.000000	,127.000000	,137.500000	,-161.000000	,-2.000000	,38.500000	,192.000000	,369.000000	,158.000000	,432.500000	,195.000000	,233.500000	,24.500000	,-14.000000	,64.000000	,-52.500000	,0.500000	,15.500000	,-56.000000	,171.000000	,311.000000	,404.500000	,183.500000	,206.000000	,186.000000	,194.500000	,-92.500000	,-51.500000	,-36.500000	,-141.500000	,-132.500000	,-135.500000	,-21.500000	,-163.500000	,-160.500000	,-220.500000	,-53.500000	,0.500000	,26.000000	,-222.000000	,-72.500000	,-156.500000	,-11.000000	,-129.500000	,144.500000	,63.500000	,270.500000	,-39.500000	,49.000000	,-107.000000	,268.000000	,136.000000	,190.500000	,-186.000000	,-304.500000	,-34.500000	,40.000000	,71.500000	,16.000000	,-377.500000	,-130.000000	,-282.500000	,71.000000	,6.500000	,102.000000	,-88.000000	,96.000000	,127.500000	,80.000000	,-38.000000	,-214.000000	,-405.000000	,-145.000000	,-35.500000	,25.500000	,-535.500000	,-412.000000	,-600.500000	,118.000000	,38.500000	,440.500000	,152.000000	,184.000000	,154.000000	,34.000000	,92.000000	,58.000000	,-146.500000	,88.000000	,-93.000000	,-234.500000	,-124.500000	,-206.500000	,-242.000000	,-243.000000	,-270.000000	,150.500000	,301.500000	,70.500000	,3.500000	,-362.500000	,94.500000	,343.000000	,405.000000	,591.000000	,282.000000	,72.500000	,-157.000000	,37.000000	,170.500000	,254.500000	,20.000000	,151.000000	,-15.500000	,106.000000	,46.500000	,-29.500000	,-187.000000	,-437.000000	,-267.000000	,-466.500000	,-247.500000	,-324.000000	,87.500000	,76.500000	,64.500000	,1.500000	,528.000000	,532.500000	,496.000000	,-320.000000	,44.000000	,-176.500000	,35.000000	,-101.500000	,111.500000	,-258.500000	,18.500000	,-136.500000	,89.500000	,346.000000	,240.500000	,338.000000	,544.500000	,254.500000	,182.500000	,-125.500000	,-20.000000	,205.500000	,190.500000	,359.000000	,-224.000000	,-328.500000	,-498.000000	,-496.000000	,-1166.500000	,-1124.000000	,-1086.000000	,-239.500000	,40.500000	,320.000000	,150.500000	,-179.000000	,-214.500000	,-324.000000	,-79.500000	,1.500000	,27.000000	,-84.000000	,-116.500000	,-133.000000	,68.000000	,-55.500000	,6.000000	,-279.500000	,-56.500000	,-163.000000	,40.000000	,-46.500000	,-46.500000	,51.000000	,177.500000	,310.500000	,249.000000	,125.500000	,-12.500000	,-60.500000	,-121.000000	,-52.500000	,-298.500000	,77.000000	,16.500000	,267.000000	,48.000000	,-15.000000	,-70.500000	,-115.500000	,-82.500000	,-199.500000	,-187.500000	,-304.000000	,-239.500000	,-196.000000	,-313.000000	,-209.500000	,-226.000000	,-124.000000	,102.000000	,136.500000	,-3.500000	,-87.000000	,-96.000000	,58.500000	,56.000000	,131.000000	,285.500000	,357.500000	,222.000000	,-129.500000	,5.000000	,-114.500000	,-10.500000	,0.000000	,-144.000000	,32.500000	,-91.500000	,
126.000000	,70.500000	,-182.500000	,-110.500000	,-81.000000	,152.500000	,247.000000	,25.000000	,-127.500000	,-103.000000	,-82.000000	,-81.000000	,-54.500000	,-29.000000	,-145.500000	,14.500000	,-99.500000	,141.500000	,-203.000000	,-50.000000	,-234.500000	,-281.000000	,4.500000	,-49.000000	,116.000000	,55.000000	,56.000000	,83.000000	,-95.000000	,-166.500000	,-17.500000	,-58.000000	,-65.000000	,-160.000000	,-200.500000	,-56.000000	,64.000000	,259.000000	,-57.000000	,-85.500000	,-216.000000	,37.500000	,-99.000000	,-157.500000	,-85.500000	,-237.000000	,-49.500000	,-121.000000	,-299.500000	,-275.500000	,-234.000000	,-15.500000	,26.000000	,175.000000	,90.000000	,35.000000	,-40.500000	,-80.000000	,-89.000000	,-138.500000	,-120.000000	,-58.500000	,-90.000000	,-27.000000	,-324.000000	,-74.000000	,-299.000000	,-335.000000	,-185.500000	,-193.500000	,28.500000	,74.000000	,120.500000	,444.000000	,335.000000	,398.500000	,85.500000	,-2.000000	,-213.500000	,48.500000	,348.000000	,509.500000	,-31.500000	,-312.000000	,-313.500000	,-46.000000	,185.500000	,-39.500000	,-166.500000	,106.000000	,312.000000	,256.500000	,-47.500000	,-9.500000	,-42.500000	,3.000000	,-173.000000	,-147.500000	,-208.000000	,153.000000	,185.000000	,349.000000	,306.500000	,364.000000	,-31.000000	,65.000000	,-74.000000	,103.500000	,139.500000	,146.500000	,421.000000	,-2.000000	,-20.500000	,-372.500000	,-119.500000	,-185.500000	,279.500000	,222.500000	,301.000000	,214.000000	,-105.000000	,71.500000	,-81.000000	,39.500000	,107.500000	,76.500000	,33.500000	,-64.000000	,-309.500000	,-180.500000	,-634.000000	,-55.500000	,-273.000000	,13.000000	,-306.000000	,71.500000	,-312.500000	,256.500000	,129.500000	,252.500000	,-46.500000	,-181.500000	,-4.500000	,34.000000	,144.000000	,-28.000000	,-598.000000	,-446.000000	,-473.500000	,-369.500000	,-309.500000	,-403.000000	,-13.500000	,-2.500000	,489.000000	,283.000000	,359.500000	,323.000000	,82.500000	,-83.500000	,-291.000000	,152.500000	,172.500000	,170.000000	,343.500000	,335.000000	,448.500000	,162.000000	,-182.000000	,-97.500000	,-643.000000	,-686.500000	,-875.000000	,-773.000000	,-505.500000	,-405.000000	,-0.500000	,-3.500000	,100.500000	,-92.500000	,19.500000	,-18.500000	,53.000000	,132.000000	,368.500000	,252.000000	,136.000000	,16.000000	,72.500000	,189.500000	,10.000000	,-75.000000	,-120.000000	,0.000000	,-46.500000	,-59.500000	,24.000000	,-205.500000	,-229.000000	,-244.500000	,44.000000	,222.500000	,200.500000	,247.000000	,213.000000	,-34.000000	,-166.500000	,-157.500000	,-66.000000	,-97.500000	,-136.500000	,-298.500000	,-105.000000	,115.500000	,586.500000	,440.000000	,194.000000	,369.000000	,362.500000	,539.000000	,510.000000	,172.000000	,69.000000	,-105.000000	,-42.000000	,-75.000000	,292.500000	,205.500000	,240.000000	,76.500000	,142.500000	,127.500000	,139.000000	,162.000000	,88.500000	,-10.500000	,-127.500000	,-111.500000	,-41.000000	,-48.000000	,
88.500000	,136.500000	,17.000000	,160.500000	,94.000000	,152.000000	,163.500000	,67.500000	,84.500000	,123.000000	,177.000000	,-162.000000	,-173.500000	,-104.500000	,-106.000000	,-48.000000	,-74.500000	,-86.500000	,-103.500000	,-132.500000	,-321.000000	,-75.500000	,-31.500000	,-87.500000	,-31.500000	,-174.500000	,-158.000000	,-126.000000	,-165.000000	,109.500000	,40.500000	,84.000000	,3.000000	,157.500000	,106.500000	,31.500000	,140.500000	,142.000000	,-47.000000	,-186.000000	,-118.000000	,60.500000	,176.500000	,83.000000	,182.000000	,169.000000	,112.500000	,126.500000	,95.000000	,163.000000	,8.000000	,35.500000	,0.500000	,92.500000	,38.000000	,133.500000	,-69.500000	,-228.000000	,0.000000	,-158.500000	,79.500000	,50.500000	,2.500000	,-90.000000	,-484.000000	,-391.500000	,-347.000000	,-250.000000	,-133.000000	,-210.500000	,50.000000	,41.000000	,76.000000	,-142.500000	,-164.000000	,31.000000	,-90.000000	,-89.000000	,-248.000000	,-557.000000	,-404.500000	,-143.500000	,114.000000	,-35.000000	,-158.500000	,144.000000	,74.000000	,346.500000	,181.500000	,285.500000	,321.000000	,363.500000	,350.000000	,254.000000	,-15.500000	,-127.500000	,109.500000	,96.500000	,257.500000	,-163.500000	,-169.500000	,-307.500000	,-223.000000	,-286.000000	,-399.000000	,107.000000	,125.000000	,296.500000	,-250.500000	,-15.500000	,-148.500000	,82.500000	,-215.500000	,99.000000	,101.000000	,30.000000	,-431.000000	,-421.500000	,-612.500000	,-95.500000	,-458.000000	,4.500000	,-157.000000	,-150.500000	,80.500000	,-230.000000	,-302.000000	,-455.500000	,-406.000000	,-290.500000	,298.000000	,288.000000	,363.500000	,236.500000	,212.500000	,201.000000	,-76.500000	,-99.500000	,-132.000000	,223.000000	,231.500000	,-44.500000	,-41.000000	,179.000000	,353.500000	,242.000000	,-93.000000	,-31.500000	,168.000000	,465.500000	,531.000000	,463.500000	,-9.000000	,291.000000	,-277.500000	,113.000000	,-537.500000	,-471.000000	,-239.000000	,-389.500000	,28.000000	,-223.500000	,-269.000000	,-473.000000	,-425.500000	,-236.000000	,55.500000	,244.500000	,271.500000	,360.000000	,18.000000	,437.500000	,-245.000000	,-585.500000	,-1005.000000	,-964.000000	,-565.500000	,29.000000	,36.000000	,53.000000	,-39.000000	,-164.000000	,-41.000000	,-115.000000	,58.000000	,-89.000000	,9.500000	,-6.000000	,-42.000000	,-11.000000	,-160.500000	,-48.000000	,-5.000000	,68.500000	,29.500000	,40.000000	,29.500000	,-43.500000	,-68.500000	,-109.000000	,-103.500000	,-112.500000	,57.500000	,-50.000000	,62.500000	,-211.000000	,-89.000000	,-208.000000	,19.500000	,141.000000	,207.000000	,0.500000	,-48.500000	,-284.000000	,-135.500000	,-32.000000	,168.500000	,182.000000	,197.000000	,101.500000	,140.500000	,130.000000	,-117.000000	,90.000000	,10.500000	,258.500000	,38.000000	,195.500000	,-7.500000	,-147.000000	,-381.000000	,-198.500000	,28.000000	,114.500000	,119.500000	,-45.500000	,-127.500000	,132.500000	,-35.500000	,28.000000	,
-101.500000	,-37.000000	,-59.500000	,-65.500000	,-135.000000	,-56.500000	,-131.500000	,-183.500000	,-248.500000	,57.500000	,-1.500000	,279.000000	,-64.000000	,-37.000000	,-26.500000	,-17.000000	,92.000000	,163.000000	,260.500000	,248.000000	,190.000000	,352.500000	,199.000000	,200.000000	,-55.000000	,-118.000000	,81.500000	,-103.000000	,169.000000	,3.500000	,26.000000	,-48.000000	,111.500000	,305.000000	,286.000000	,113.000000	,-59.500000	,-191.500000	,-39.000000	,57.000000	,25.000000	,60.500000	,-80.500000	,-54.000000	,-132.500000	,-113.000000	,-101.000000	,98.500000	,381.000000	,338.000000	,258.500000	,-57.000000	,-90.000000	,-98.500000	,-156.500000	,-8.000000	,-65.500000	,269.500000	,245.500000	,327.500000	,17.500000	,-186.000000	,-631.500000	,-885.000000	,-488.500000	,-232.500000	,154.000000	,131.000000	,166.000000	,142.500000	,-245.000000	,-84.000000	,-97.500000	,32.000000	,116.500000	,67.000000	,122.000000	,-170.000000	,-26.000000	,-116.000000	,-303.500000	,-196.500000	,185.500000	,145.000000	,430.000000	,418.000000	,329.500000	,212.500000	,-228.000000	,-421.500000	,-399.500000	,-164.000000	,26.000000	,419.000000	,362.000000	,368.000000	,124.000000	,-335.500000	,-382.500000	,-494.500000	,-295.500000	,-157.000000	,62.000000	,179.500000	,109.000000	,134.000000	,105.500000	,42.500000	,-154.500000	,-300.000000	,-115.000000	,20.500000	,382.000000	,109.500000	,268.000000	,27.000000	,276.000000	,260.500000	,279.500000	,171.500000	,-87.500000	,7.500000	,-147.500000	,54.500000	,71.000000	,-3.500000	,-99.000000	,-31.000000	,134.000000	,420.500000	,295.500000	,102.000000	,236.000000	,138.000000	,451.000000	,219.500000	,61.000000	,-109.500000	,-4.000000	,-123.000000	,-99.000000	,43.500000	,17.500000	,-27.000000	,247.500000	,155.000000	,81.500000	,-198.500000	,-242.000000	,-21.000000	,-268.000000	,-290.500000	,-535.000000	,-650.500000	,-375.500000	,-82.000000	,141.500000	,-87.500000	,-152.500000	,-396.500000	,-119.500000	,-161.000000	,-8.500000	,62.000000	,-237.500000	,-404.500000	,-697.000000	,-364.500000	,-387.000000	,-249.000000	,-383.000000	,36.500000	,-167.500000	,-146.500000	,-569.000000	,-666.500000	,-446.500000	,-248.000000	,-44.000000	,-3.000000	,-42.000000	,-144.000000	,0.000000	,-153.000000	,82.500000	,-141.000000	,-235.500000	,-149.500000	,-57.500000	,-41.500000	,40.000000	,-29.500000	,82.000000	,-63.000000	,-93.000000	,-25.000000	,-103.000000	,297.500000	,375.000000	,450.000000	,172.500000	,183.000000	,111.000000	,-51.000000	,-84.000000	,-116.500000	,44.000000	,-43.000000	,-168.000000	,-151.500000	,-64.000000	,210.000000	,320.500000	,162.500000	,-28.000000	,-243.500000	,-261.500000	,-229.000000	,-154.000000	,-32.500000	,-136.500000	,-84.000000	,20.500000	,77.500000	,173.000000	,-9.500000	,100.000000	,-136.500000	,-202.500000	,-237.000000	,-69.500000	,-54.500000	,34.000000	,-130.500000	,-48.000000	,-96.000000	,179.500000	,175.000000	,-27.500000	,-248.500000	,
-7.500000	,123.500000	,224.500000	,160.000000	,107.500000	,-233.500000	,-182.500000	,-146.500000	,-52.000000	,-6.500000	,79.500000	,212.500000	,-32.000000	,-12.500000	,-181.500000	,-312.000000	,-2.000000	,-186.500000	,54.000000	,162.500000	,166.000000	,158.000000	,190.500000	,160.500000	,108.000000	,154.000000	,117.500000	,34.500000	,4.000000	,-125.000000	,-207.000000	,-153.000000	,-286.500000	,-52.500000	,-135.000000	,52.500000	,-196.500000	,20.500000	,79.000000	,310.000000	,213.000000	,-57.000000	,-171.500000	,97.500000	,36.000000	,122.000000	,-151.500000	,-73.500000	,-60.500000	,81.000000	,81.000000	,68.000000	,44.500000	,-69.500000	,47.500000	,-108.000000	,130.500000	,156.500000	,159.500000	,-164.500000	,-454.500000	,-968.500000	,-885.500000	,-823.500000	,-664.000000	,-615.500000	,-650.000000	,-206.500000	,-193.000000	,11.500000	,-181.500000	,-408.000000	,-263.000000	,-70.000000	,250.500000	,75.500000	,-78.000000	,76.500000	,220.000000	,456.000000	,366.000000	,91.000000	,98.000000	,375.000000	,434.500000	,242.500000	,93.000000	,-92.000000	,-201.500000	,-156.500000	,-214.000000	,-250.000000	,-259.500000	,182.500000	,324.000000	,763.500000	,33.000000	,296.500000	,-159.000000	,335.000000	,71.500000	,-43.500000	,375.000000	,124.000000	,197.500000	,-505.000000	,-271.000000	,-119.000000	,400.500000	,-129.000000	,-225.000000	,-673.500000	,-131.000000	,-360.000000	,-243.500000	,-185.000000	,166.000000	,608.000000	,327.500000	,309.500000	,56.000000	,-206.000000	,-47.500000	,-496.500000	,-34.500000	,60.000000	,496.000000	,538.500000	,444.500000	,-123.500000	,-142.500000	,-336.500000	,-260.000000	,-122.000000	,10.000000	,368.500000	,242.000000	,225.000000	,56.500000	,44.000000	,-9.500000	,121.000000	,17.500000	,68.500000	,35.000000	,-39.000000	,-331.000000	,-55.500000	,3.000000	,-283.000000	,-139.000000	,-66.500000	,425.000000	,54.000000	,358.000000	,87.500000	,284.500000	,224.500000	,481.000000	,339.000000	,321.000000	,-78.500000	,-161.500000	,271.000000	,271.500000	,475.500000	,82.000000	,-107.500000	,-224.500000	,45.000000	,104.000000	,92.000000	,-458.000000	,-296.000000	,-276.500000	,397.500000	,-112.500000	,54.000000	,-572.500000	,-340.000000	,-94.000000	,146.500000	,217.000000	,326.000000	,122.500000	,76.000000	,154.000000	,138.500000	,132.500000	,99.500000	,-59.000000	,-144.500000	,-111.000000	,-133.500000	,47.000000	,-107.500000	,62.500000	,-118.000000	,-8.500000	,-286.500000	,-295.500000	,-330.000000	,-244.500000	,203.500000	,127.000000	,230.000000	,84.000000	,65.000000	,112.500000	,9.000000	,58.000000	,-113.000000	,95.500000	,287.000000	,317.500000	,96.500000	,-114.500000	,-184.500000	,-140.500000	,32.500000	,-60.500000	,-8.500000	,-113.500000	,23.500000	,-9.500000	,145.500000	,95.500000	,-51.500000	,-48.500000	,182.500000	,421.000000	,310.500000	,13.500000	,-66.000000	,-102.000000	,-15.000000	,-85.500000	,-133.000000	,-112.000000	,-59.000000	,
-64.000000	,-69.000000	,102.500000	,194.500000	,229.000000	,66.000000	,259.500000	,234.000000	,348.500000	,117.000000	,139.500000	,31.500000	,325.000000	,347.500000	,404.500000	,358.500000	,280.500000	,147.000000	,37.500000	,43.500000	,109.500000	,-35.500000	,9.000000	,13.500000	,-2.000000	,-146.000000	,-92.000000	,-65.000000	,4.500000	,83.000000	,158.000000	,316.500000	,72.500000	,-22.000000	,6.500000	,77.500000	,106.500000	,135.500000	,67.500000	,10.000000	,-21.500000	,-256.500000	,69.000000	,-61.500000	,217.000000	,38.000000	,52.500000	,-8.500000	,-207.500000	,-292.500000	,-265.500000	,-153.000000	,-79.000000	,6.000000	,-7.500000	,13.000000	,-198.000000	,-133.500000	,-387.000000	,-605.000000	,-1049.000000	,-898.500000	,-536.500000	,162.500000	,4.500000	,-24.500000	,-218.500000	,56.000000	,272.000000	,75.500000	,394.500000	,118.500000	,54.500000	,-34.500000	,-34.500000	,78.000000	,-213.000000	,-56.000000	,-317.500000	,-235.500000	,-401.000000	,-98.000000	,-133.500000	,-77.500000	,16.000000	,-256.500000	,-142.500000	,-103.500000	,66.500000	,237.500000	,286.500000	,-172.500000	,-32.000000	,-511.500000	,-113.000000	,-377.500000	,-134.500000	,-267.500000	,-13.500000	,149.500000	,-126.000000	,-187.500000	,-223.000000	,-9.500000	,245.000000	,31.500000	,-245.500000	,-201.000000	,39.000000	,145.000000	,-16.000000	,-33.500000	,-27.000000	,127.500000	,247.500000	,562.500000	,246.500000	,-39.500000	,-126.000000	,-199.000000	,-89.000000	,-33.000000	,-14.000000	,56.500000	,-13.000000	,-102.500000	,-272.000000	,-170.500000	,-100.000000	,-265.000000	,-78.000000	,-282.500000	,-16.000000	,-74.000000	,-188.500000	,-376.500000	,-142.500000	,-311.500000	,65.000000	,-77.500000	,-19.000000	,-92.500000	,-173.000000	,-46.000000	,-151.000000	,-642.000000	,-379.500000	,-299.500000	,421.000000	,361.000000	,296.000000	,494.500000	,133.500000	,330.000000	,115.500000	,6.000000	,-240.000000	,-58.500000	,35.000000	,321.500000	,266.500000	,449.500000	,277.500000	,238.500000	,167.000000	,364.500000	,220.500000	,56.500000	,26.500000	,10.000000	,137.000000	,5.500000	,-137.000000	,180.000000	,243.500000	,303.500000	,-169.500000	,-205.000000	,-326.500000	,-173.500000	,-179.500000	,60.500000	,-100.500000	,-217.500000	,-63.500000	,-125.500000	,28.500000	,-49.000000	,60.000000	,51.500000	,195.500000	,-58.500000	,67.500000	,-25.500000	,-102.000000	,-241.500000	,-297.000000	,-384.000000	,-87.000000	,-295.500000	,-241.500000	,-388.500000	,-228.000000	,-85.000000	,-67.000000	,21.500000	,-42.000000	,175.500000	,-64.500000	,50.500000	,16.000000	,65.500000	,16.500000	,-1.500000	,-192.500000	,107.500000	,217.000000	,475.000000	,295.500000	,135.000000	,165.500000	,19.500000	,-43.500000	,-151.500000	,-183.000000	,-157.500000	,-178.500000	,-256.500000	,63.500000	,-55.000000	,-74.500000	,-56.000000	,-191.500000	,-41.500000	,-80.500000	,-255.500000	,-182.000000	,-302.500000	,229.000000	,168.000000	,
-141.000000	,-32.000000	,-19.500000	,-3.000000	,-117.000000	,77.000000	,116.000000	,145.000000	,-34.000000	,-71.500000	,-67.500000	,-57.000000	,-118.500000	,-247.500000	,-198.000000	,2.500000	,145.000000	,44.500000	,-13.500000	,-370.500000	,-310.500000	,-238.500000	,-175.500000	,-17.500000	,-182.500000	,-77.500000	,-232.500000	,-229.000000	,-280.000000	,-286.000000	,-258.000000	,-87.000000	,-68.000000	,-3.500000	,-138.500000	,-175.500000	,-50.000000	,-140.000000	,-23.000000	,-147.000000	,-138.500000	,-97.500000	,39.000000	,-221.500000	,-246.000000	,-315.500000	,-184.500000	,-124.500000	,-322.000000	,-221.500000	,-199.000000	,-168.000000	,-101.000000	,60.000000	,110.500000	,146.500000	,-327.500000	,-473.500000	,-1069.500000	,-751.500000	,-513.000000	,1.000000	,101.000000	,-274.500000	,-154.000000	,-169.500000	,374.000000	,564.500000	,589.000000	,280.500000	,185.500000	,336.500000	,276.000000	,-114.500000	,-286.500000	,-349.500000	,-283.500000	,-143.000000	,140.000000	,307.000000	,281.000000	,270.500000	,268.500000	,8.000000	,-183.000000	,-245.000000	,-30.500000	,-78.500000	,374.500000	,249.500000	,399.500000	,296.500000	,199.500000	,405.500000	,-14.500000	,-98.000000	,-245.000000	,-59.500000	,-32.000000	,-294.500000	,76.500000	,-86.000000	,-148.500000	,-314.500000	,-13.000000	,221.500000	,180.500000	,338.500000	,-118.000000	,248.000000	,26.000000	,95.000000	,3.500000	,199.500000	,397.500000	,63.000000	,-548.500000	,-553.500000	,-460.000000	,-22.500000	,-145.500000	,308.000000	,86.000000	,120.500000	,-210.500000	,102.500000	,-108.500000	,-28.500000	,-77.500000	,274.000000	,147.500000	,67.000000	,-92.000000	,99.000000	,-41.000000	,-146.000000	,219.000000	,79.000000	,267.000000	,-158.500000	,-213.000000	,-194.000000	,4.500000	,-32.500000	,-305.500000	,-580.500000	,-50.000000	,180.500000	,412.500000	,27.500000	,-1.000000	,46.500000	,56.000000	,-0.500000	,-196.500000	,-117.000000	,-106.000000	,-72.000000	,-514.500000	,-571.000000	,-106.500000	,169.000000	,190.500000	,179.000000	,-3.000000	,-88.000000	,70.500000	,55.000000	,438.500000	,263.500000	,407.500000	,-66.500000	,164.000000	,-326.000000	,433.500000	,252.500000	,643.500000	,525.500000	,623.500000	,541.000000	,127.000000	,-162.000000	,-381.000000	,-340.000000	,-161.500000	,-162.500000	,-98.500000	,-238.000000	,-267.000000	,-189.500000	,-143.000000	,-29.000000	,-63.000000	,-42.000000	,-161.000000	,153.500000	,36.500000	,342.000000	,53.000000	,395.000000	,266.000000	,368.500000	,142.000000	,-163.000000	,-122.000000	,-120.500000	,-7.000000	,55.000000	,59.500000	,-198.000000	,16.500000	,-76.500000	,-79.500000	,-132.000000	,-171.500000	,-48.500000	,-92.000000	,-159.000000	,-190.500000	,-271.500000	,-162.500000	,7.000000	,164.500000	,100.500000	,123.000000	,-111.000000	,42.000000	,6.500000	,255.000000	,208.500000	,-119.000000	,-81.000000	,-170.000000	,178.000000	,149.500000	,9.500000	,-1.000000	,-43.000000	,38.500000	,63.000000	,
-218.500000	,-183.000000	,-223.500000	,-237.000000	,-66.500000	,-182.500000	,-122.500000	,-172.000000	,-83.000000	,-42.500000	,-38.500000	,122.500000	,44.500000	,16.500000	,-75.500000	,-117.500000	,-36.000000	,131.500000	,94.000000	,-100.500000	,-105.500000	,-207.500000	,3.000000	,40.000000	,22.000000	,143.000000	,50.500000	,113.500000	,-85.500000	,11.000000	,-210.500000	,-157.500000	,10.500000	,123.500000	,-29.500000	,-326.000000	,-358.000000	,-134.500000	,-236.000000	,-120.500000	,-345.500000	,-66.500000	,24.500000	,-57.500000	,142.500000	,-336.000000	,59.500000	,-294.500000	,220.000000	,205.000000	,243.000000	,21.000000	,138.000000	,70.500000	,104.500000	,-378.500000	,-800.500000	,-1015.000000	,-934.500000	,-518.000000	,-164.000000	,-54.500000	,88.000000	,153.500000	,-133.500000	,-726.000000	,-792.500000	,-1021.000000	,-384.000000	,-417.000000	,-348.500000	,-519.000000	,-358.000000	,-345.000000	,105.500000	,-158.500000	,-30.000000	,-362.500000	,2.000000	,16.000000	,-12.000000	,-159.500000	,-373.000000	,106.000000	,-5.000000	,148.000000	,-268.500000	,-198.500000	,-183.500000	,164.000000	,148.000000	,0.500000	,114.500000	,163.000000	,429.500000	,517.500000	,172.000000	,-10.000000	,-311.500000	,-188.500000	,-136.000000	,-58.000000	,-418.000000	,-386.500000	,-609.500000	,-189.500000	,-71.000000	,26.500000	,170.500000	,255.000000	,508.500000	,304.000000	,445.000000	,39.500000	,-67.500000	,11.500000	,-121.500000	,99.000000	,61.500000	,158.000000	,-5.000000	,22.500000	,-126.000000	,-6.000000	,39.000000	,92.000000	,282.500000	,34.500000	,-213.000000	,81.500000	,-384.000000	,-151.000000	,-183.500000	,-31.500000	,-79.000000	,10.500000	,124.000000	,385.000000	,21.500000	,94.000000	,-31.000000	,65.000000	,-126.500000	,-384.000000	,-105.000000	,-11.500000	,365.000000	,307.000000	,-73.500000	,-144.000000	,-94.500000	,9.500000	,-40.500000	,-379.500000	,-24.500000	,-76.000000	,386.000000	,260.500000	,-223.500000	,-430.000000	,-599.500000	,-470.000000	,-296.500000	,-7.000000	,240.000000	,69.000000	,110.500000	,189.000000	,13.500000	,-165.500000	,-471.500000	,65.500000	,-108.500000	,242.500000	,43.500000	,242.500000	,248.500000	,280.000000	,24.500000	,12.500000	,68.000000	,-241.000000	,-264.500000	,-524.500000	,-241.000000	,-55.500000	,143.000000	,308.000000	,71.500000	,124.000000	,25.000000	,8.000000	,-135.000000	,-157.000000	,-45.000000	,106.500000	,308.000000	,188.500000	,7.000000	,-40.500000	,-115.500000	,236.500000	,193.000000	,316.500000	,129.500000	,212.000000	,-1.500000	,47.500000	,19.000000	,125.000000	,37.000000	,26.500000	,-35.000000	,-101.000000	,159.000000	,72.500000	,161.000000	,-327.000000	,-234.000000	,-255.000000	,-162.000000	,-5.500000	,-2.000000	,51.500000	,66.500000	,192.000000	,44.000000	,125.000000	,-122.500000	,-70.000000	,21.000000	,91.500000	,193.000000	,-51.500000	,-57.500000	,167.500000	,281.000000	,306.500000	,-17.000000	,-109.000000	,
34.500000	,-162.500000	,37.000000	,-248.500000	,17.000000	,-176.500000	,40.500000	,-199.000000	,-5.000000	,-84.500000	,-47.500000	,0.000000	,134.000000	,135.000000	,133.500000	,-24.500000	,-13.500000	,-31.500000	,49.500000	,272.500000	,428.500000	,250.000000	,52.500000	,-135.000000	,-80.000000	,-149.000000	,192.500000	,-76.000000	,228.000000	,252.000000	,481.000000	,289.500000	,-79.000000	,-51.000000	,-283.500000	,192.500000	,55.500000	,125.000000	,-108.500000	,-331.500000	,-27.500000	,93.000000	,216.000000	,362.500000	,205.000000	,236.500000	,15.000000	,-233.500000	,-103.500000	,-70.500000	,-80.000000	,-84.500000	,-92.000000	,-150.500000	,-648.000000	,-952.000000	,-759.500000	,-417.000000	,-157.500000	,-1.500000	,-133.000000	,-310.500000	,-196.500000	,-27.500000	,46.500000	,-142.000000	,-395.500000	,-352.500000	,-108.000000	,292.000000	,8.500000	,119.500000	,-392.000000	,-153.000000	,-178.500000	,242.000000	,257.000000	,261.000000	,-23.000000	,-324.000000	,-201.000000	,-111.000000	,-82.500000	,-177.000000	,-126.500000	,-37.500000	,-415.000000	,-229.000000	,-284.000000	,143.500000	,-23.500000	,128.500000	,52.500000	,88.000000	,138.000000	,306.500000	,338.000000	,136.000000	,144.500000	,244.000000	,82.500000	,-171.000000	,-216.000000	,-360.500000	,-78.500000	,-261.000000	,42.500000	,-233.000000	,88.500000	,51.500000	,-61.000000	,38.000000	,-121.000000	,-90.000000	,-82.500000	,-109.000000	,143.000000	,-49.500000	,155.000000	,278.500000	,257.500000	,15.000000	,161.500000	,38.000000	,101.000000	,-22.000000	,-240.000000	,-5.000000	,-149.500000	,136.000000	,59.000000	,335.500000	,499.500000	,458.000000	,311.500000	,323.500000	,-18.000000	,-132.500000	,-567.000000	,-283.000000	,48.000000	,256.000000	,171.500000	,-23.000000	,177.500000	,286.000000	,-185.000000	,-144.500000	,-489.500000	,136.000000	,-215.500000	,-248.500000	,-528.500000	,-526.000000	,-134.500000	,-143.000000	,262.500000	,77.000000	,469.000000	,-31.500000	,74.000000	,-269.000000	,-210.000000	,-618.500000	,-745.500000	,-260.500000	,-10.500000	,238.500000	,-15.500000	,-63.500000	,-50.500000	,48.500000	,138.000000	,786.000000	,626.000000	,485.000000	,110.000000	,21.500000	,-338.500000	,-445.500000	,-583.500000	,-167.500000	,28.500000	,517.000000	,137.000000	,196.000000	,-114.000000	,-26.500000	,38.000000	,192.000000	,75.500000	,264.500000	,331.500000	,137.000000	,15.500000	,-184.500000	,-99.000000	,-67.500000	,74.500000	,44.500000	,-26.000000	,-15.500000	,-5.000000	,2.500000	,217.500000	,90.000000	,22.500000	,-225.000000	,-101.000000	,58.000000	,-60.500000	,154.000000	,255.000000	,345.000000	,187.500000	,126.500000	,68.000000	,-0.500000	,230.500000	,206.500000	,295.000000	,22.500000	,-46.500000	,-71.500000	,-40.000000	,-8.500000	,-65.000000	,-0.500000	,-279.500000	,-289.500000	,-186.000000	,-58.500000	,109.000000	,5.500000	,32.500000	,-192.000000	,-60.500000	,-135.000000	,-29.500000	,-60.000000	,
-146.500000	,46.500000	,80.000000	,91.000000	,41.500000	,252.500000	,141.000000	,323.000000	,-104.500000	,132.500000	,-225.000000	,-67.500000	,-88.500000	,-159.000000	,-130.500000	,-227.000000	,-49.500000	,33.000000	,-107.000000	,73.500000	,-94.500000	,16.000000	,-171.500000	,-120.500000	,-2.000000	,-225.000000	,-19.000000	,-193.000000	,-161.500000	,-208.500000	,57.500000	,8.000000	,26.000000	,-127.500000	,146.500000	,154.000000	,397.000000	,-40.500000	,303.000000	,158.500000	,362.500000	,203.500000	,-133.500000	,-310.500000	,-130.500000	,19.500000	,18.500000	,154.500000	,-131.000000	,60.000000	,-115.500000	,119.000000	,-549.500000	,-793.500000	,-1166.000000	,-677.500000	,-226.000000	,331.000000	,-80.500000	,174.000000	,59.500000	,188.500000	,351.000000	,106.500000	,268.000000	,201.000000	,-121.000000	,-117.000000	,-624.500000	,-256.000000	,170.500000	,648.500000	,734.000000	,589.000000	,267.500000	,282.500000	,78.000000	,42.500000	,125.500000	,55.000000	,170.000000	,236.000000	,0.500000	,-138.000000	,-253.500000	,-329.500000	,-26.500000	,-27.000000	,-110.000000	,-144.500000	,-522.500000	,-238.500000	,-191.500000	,-104.000000	,158.500000	,-92.500000	,317.000000	,523.500000	,724.000000	,685.500000	,187.000000	,51.000000	,118.000000	,307.500000	,200.500000	,-64.000000	,-436.000000	,-167.000000	,-152.000000	,-55.000000	,39.000000	,-5.000000	,-48.000000	,-296.500000	,-352.500000	,-40.500000	,93.500000	,80.000000	,202.500000	,308.000000	,-77.500000	,7.500000	,39.500000	,41.500000	,170.000000	,-237.500000	,148.500000	,40.500000	,263.500000	,16.500000	,333.500000	,222.000000	,212.500000	,-2.000000	,-266.500000	,-290.000000	,-264.000000	,-36.500000	,-194.000000	,103.500000	,-235.500000	,-61.500000	,-274.000000	,-338.000000	,-550.000000	,-772.000000	,-519.500000	,-409.000000	,-105.000000	,93.000000	,177.500000	,156.000000	,207.500000	,181.000000	,223.500000	,70.000000	,-291.000000	,-129.000000	,-124.000000	,293.000000	,87.000000	,-78.000000	,7.500000	,-366.500000	,-447.500000	,-352.500000	,174.000000	,-15.000000	,73.000000	,-218.000000	,-78.500000	,-375.000000	,54.500000	,166.500000	,495.500000	,-9.500000	,-19.500000	,-370.000000	,-67.500000	,-314.500000	,-235.500000	,-239.500000	,94.000000	,277.000000	,169.500000	,25.500000	,121.500000	,4.000000	,183.500000	,121.500000	,100.500000	,-149.000000	,-93.000000	,131.000000	,284.000000	,189.000000	,-0.500000	,-164.000000	,49.000000	,-12.500000	,243.000000	,90.000000	,123.000000	,-39.500000	,-87.000000	,-16.000000	,-59.500000	,51.500000	,-22.000000	,89.000000	,12.500000	,-124.500000	,-148.500000	,-117.000000	,-28.500000	,-172.500000	,-164.000000	,-203.000000	,89.000000	,24.500000	,-25.000000	,-4.000000	,73.500000	,7.500000	,24.500000	,-67.500000	,186.500000	,245.500000	,94.500000	,68.000000	,-18.000000	,14.500000	,75.000000	,151.500000	,210.000000	,208.000000	,-43.500000	,-73.500000	,-190.500000	,-96.000000	,
-132.000000	,-410.000000	,-47.000000	,-56.000000	,128.500000	,137.500000	,-210.000000	,-187.500000	,40.500000	,138.000000	,34.500000	,-189.000000	,-131.500000	,271.500000	,194.500000	,267.500000	,-140.000000	,-41.500000	,-78.500000	,23.500000	,-218.000000	,5.000000	,-82.500000	,328.500000	,328.500000	,330.500000	,280.000000	,213.000000	,243.000000	,-3.500000	,-104.500000	,59.000000	,-35.500000	,147.000000	,-21.500000	,-22.000000	,-32.000000	,151.000000	,68.500000	,139.000000	,-76.000000	,-173.500000	,-232.000000	,-30.000000	,73.500000	,162.000000	,232.500000	,331.000000	,112.000000	,67.000000	,-32.500000	,-188.500000	,-660.500000	,-743.500000	,-643.000000	,-71.500000	,-129.000000	,-70.000000	,-52.500000	,-14.000000	,103.500000	,113.000000	,210.000000	,389.000000	,673.500000	,489.500000	,87.500000	,-470.000000	,-443.000000	,-523.000000	,-268.500000	,-230.500000	,-134.000000	,37.000000	,-40.500000	,-253.500000	,-276.000000	,57.000000	,82.000000	,208.000000	,291.500000	,187.000000	,126.500000	,-56.000000	,216.000000	,171.000000	,474.500000	,264.500000	,-237.000000	,-306.500000	,-69.000000	,-386.000000	,-143.000000	,-502.500000	,-5.500000	,-275.000000	,90.000000	,-171.500000	,-102.000000	,53.500000	,226.000000	,534.500000	,505.500000	,381.000000	,495.000000	,417.500000	,455.000000	,374.500000	,-103.000000	,-120.000000	,-354.500000	,-299.000000	,-349.500000	,-277.500000	,-204.500000	,-307.500000	,206.500000	,6.000000	,28.500000	,-27.000000	,-174.500000	,-111.000000	,-88.500000	,-406.500000	,-165.500000	,-320.500000	,27.500000	,24.000000	,292.500000	,468.500000	,399.000000	,90.500000	,-241.000000	,-116.000000	,-215.500000	,-33.500000	,-57.500000	,-51.000000	,31.000000	,7.500000	,-229.000000	,-95.000000	,-53.000000	,230.000000	,-104.500000	,88.500000	,42.000000	,259.500000	,214.500000	,159.500000	,-115.000000	,-16.000000	,44.500000	,400.000000	,-30.000000	,-261.000000	,-471.500000	,-419.500000	,-452.500000	,-95.000000	,-116.500000	,28.000000	,-34.500000	,153.500000	,210.500000	,276.500000	,-130.500000	,-151.500000	,-25.500000	,236.500000	,470.500000	,538.500000	,792.500000	,454.000000	,-27.000000	,-40.000000	,-295.500000	,31.500000	,167.500000	,486.500000	,353.500000	,114.500000	,189.500000	,70.500000	,49.000000	,39.000000	,-2.000000	,35.500000	,-40.000000	,-150.500000	,-135.500000	,-313.500000	,-258.000000	,-235.500000	,-145.500000	,-238.500000	,-93.000000	,-178.000000	,-67.000000	,143.000000	,31.500000	,-30.000000	,-225.000000	,-79.500000	,-117.000000	,88.500000	,240.500000	,180.500000	,-95.500000	,-174.000000	,-128.000000	,-95.000000	,8.500000	,-226.500000	,-117.000000	,-15.500000	,-141.500000	,161.000000	,-15.500000	,242.500000	,-3.500000	,50.000000	,-59.500000	,-101.000000	,-201.000000	,-49.500000	,-42.000000	,26.000000	,92.000000	,326.500000	,132.500000	,167.000000	,64.500000	,75.000000	,-9.000000	,68.500000	,134.500000	,46.000000	,-121.500000	,-340.000000	,
84.500000	,145.000000	,152.500000	,122.500000	,-21.000000	,-129.000000	,-113.500000	,-158.500000	,-167.500000	,-262.500000	,42.000000	,-33.000000	,15.000000	,-55.500000	,135.000000	,135.000000	,100.500000	,-81.500000	,-22.000000	,12.500000	,227.500000	,133.500000	,117.000000	,-55.500000	,-28.500000	,21.500000	,51.500000	,260.500000	,170.500000	,175.000000	,-80.500000	,-9.000000	,199.000000	,310.000000	,278.500000	,10.500000	,-79.500000	,-214.000000	,-19.500000	,-65.500000	,-106.500000	,-19.000000	,192.000000	,109.500000	,-40.500000	,-110.000000	,-111.500000	,19.000000	,118.500000	,-265.500000	,-573.500000	,-1322.000000	,-621.000000	,-654.500000	,254.500000	,-150.000000	,48.500000	,-288.500000	,-34.000000	,-207.000000	,-105.000000	,73.000000	,-149.000000	,-147.500000	,-360.000000	,-104.500000	,-93.000000	,-64.000000	,-40.500000	,-228.000000	,-312.000000	,-302.000000	,-134.500000	,-68.000000	,97.000000	,139.500000	,336.000000	,82.500000	,120.000000	,-430.500000	,77.000000	,136.500000	,175.000000	,22.500000	,71.000000	,44.500000	,125.500000	,206.500000	,-115.500000	,39.000000	,40.500000	,310.500000	,259.000000	,335.500000	,-53.500000	,177.000000	,189.000000	,-315.000000	,-630.000000	,-539.000000	,109.000000	,434.500000	,640.500000	,172.500000	,27.000000	,-94.500000	,196.000000	,-132.000000	,-126.000000	,-65.500000	,-228.500000	,-44.000000	,-190.500000	,77.000000	,-78.000000	,-134.000000	,-118.000000	,-376.000000	,-170.500000	,-257.000000	,-103.500000	,-175.000000	,-214.000000	,-298.500000	,-157.000000	,-117.500000	,-141.000000	,-56.500000	,-51.500000	,21.000000	,18.500000	,-270.500000	,-105.500000	,-16.000000	,491.000000	,499.000000	,185.500000	,-67.000000	,-29.000000	,88.000000	,185.500000	,-191.000000	,309.500000	,0.500000	,-79.000000	,-138.000000	,-119.500000	,-213.000000	,-345.000000	,-154.000000	,-257.000000	,-134.500000	,128.000000	,-123.000000	,-141.500000	,-276.000000	,83.500000	,355.500000	,330.500000	,51.500000	,291.500000	,-154.500000	,392.000000	,200.000000	,400.500000	,187.000000	,-116.500000	,222.000000	,-24.000000	,463.000000	,-35.000000	,386.000000	,376.000000	,496.000000	,144.500000	,31.000000	,-131.500000	,153.500000	,148.000000	,369.500000	,53.500000	,162.000000	,-174.500000	,-3.000000	,53.000000	,70.000000	,-26.500000	,-374.500000	,-294.000000	,-156.500000	,-11.500000	,-61.500000	,-238.000000	,-252.500000	,-162.000000	,217.000000	,262.500000	,334.500000	,-35.500000	,-206.500000	,-464.500000	,-379.000000	,-209.000000	,-116.000000	,16.000000	,-105.500000	,-96.500000	,-165.500000	,-204.500000	,-83.000000	,-83.000000	,189.000000	,202.500000	,85.500000	,-23.000000	,8.500000	,5.500000	,183.000000	,-91.500000	,-39.000000	,-140.000000	,-102.500000	,-223.000000	,-132.500000	,-56.500000	,-90.000000	,-37.500000	,-98.500000	,133.500000	,232.500000	,138.000000	,-75.000000	,-81.000000	,-85.500000	,-108.000000	,-102.000000	,44.500000	,164.000000	,124.500000	,25.000000	,
42.000000	,355.500000	,68.000000	,89.000000	,-286.500000	,-27.000000	,16.500000	,-5.500000	,-109.000000	,-245.500000	,113.000000	,265.500000	,130.500000	,-14.000000	,-79.500000	,-75.000000	,-80.500000	,-149.500000	,-53.000000	,-179.500000	,-224.500000	,-12.000000	,-84.500000	,140.000000	,-5.500000	,-158.000000	,-318.000000	,-321.000000	,-115.500000	,-142.500000	,165.000000	,36.000000	,97.500000	,0.000000	,-71.000000	,92.000000	,-61.000000	,244.000000	,40.500000	,63.000000	,-11.500000	,240.000000	,327.000000	,-50.000000	,-354.500000	,-269.000000	,-131.000000	,254.000000	,-116.500000	,-871.000000	,-1178.000000	,-630.500000	,-207.500000	,360.000000	,56.500000	,142.500000	,16.000000	,6.000000	,42.500000	,11.500000	,-22.500000	,-64.000000	,-574.500000	,-629.500000	,-604.000000	,-234.500000	,21.000000	,-98.500000	,-283.500000	,-445.500000	,-351.500000	,-75.000000	,-417.500000	,-203.500000	,-125.000000	,-169.500000	,-224.500000	,46.000000	,161.500000	,321.500000	,-104.000000	,-102.500000	,-221.000000	,-48.000000	,41.500000	,-396.500000	,-254.500000	,-112.000000	,239.500000	,128.500000	,262.000000	,118.000000	,330.500000	,129.500000	,-164.500000	,388.500000	,91.000000	,719.500000	,161.000000	,365.500000	,102.500000	,-168.500000	,-369.500000	,-366.500000	,-328.500000	,-318.000000	,51.000000	,222.500000	,146.500000	,1.000000	,-3.000000	,-51.500000	,327.000000	,75.500000	,88.500000	,-16.500000	,4.500000	,20.500000	,115.500000	,184.000000	,-12.000000	,-195.000000	,70.000000	,-31.000000	,7.500000	,269.000000	,119.500000	,53.500000	,-193.000000	,-335.000000	,-474.500000	,-175.500000	,-315.000000	,-226.000000	,-207.000000	,-209.500000	,71.500000	,301.500000	,208.500000	,143.500000	,-80.500000	,-145.000000	,-390.000000	,-604.000000	,-294.000000	,-507.500000	,318.500000	,8.000000	,345.000000	,-195.000000	,28.500000	,64.500000	,1.000000	,131.500000	,133.500000	,301.500000	,360.500000	,342.500000	,187.000000	,85.000000	,14.500000	,-108.500000	,127.000000	,-117.500000	,87.000000	,-195.500000	,135.000000	,119.500000	,10.500000	,171.500000	,-54.500000	,190.000000	,-55.000000	,-21.000000	,91.500000	,-133.500000	,-360.500000	,-411.500000	,-429.500000	,-255.000000	,-31.000000	,184.000000	,299.500000	,47.000000	,-78.000000	,-111.000000	,-43.500000	,-78.000000	,-465.000000	,-169.500000	,-191.500000	,190.000000	,448.000000	,318.000000	,331.000000	,76.000000	,-25.500000	,-52.500000	,-67.500000	,-226.500000	,-70.000000	,-4.000000	,3.500000	,-11.500000	,-37.000000	,-65.500000	,25.500000	,187.500000	,129.500000	,174.500000	,-164.500000	,-76.000000	,-44.500000	,106.000000	,0.500000	,35.000000	,41.500000	,164.500000	,91.000000	,-96.000000	,28.500000	,1.500000	,174.500000	,252.000000	,250.500000	,58.000000	,-262.500000	,-217.500000	,-247.000000	,-35.500000	,-165.500000	,-145.000000	,-194.000000	,-127.500000	,-150.000000	,-203.000000	,-348.000000	,-160.000000	,-43.500000	,117.500000	,
-119.500000	,-107.500000	,45.500000	,14.000000	,-7.000000	,186.000000	,157.500000	,156.000000	,152.000000	,47.000000	,-132.000000	,22.500000	,-96.000000	,-117.000000	,-138.000000	,-72.000000	,40.500000	,92.500000	,141.000000	,158.000000	,137.000000	,120.000000	,110.500000	,-156.000000	,-309.000000	,-122.500000	,-306.500000	,-132.500000	,-190.000000	,-13.000000	,-29.500000	,93.500000	,-39.000000	,-73.500000	,74.000000	,56.000000	,211.000000	,-13.500000	,63.500000	,106.500000	,143.000000	,-1.500000	,-154.500000	,-94.000000	,147.000000	,204.000000	,98.000000	,-347.000000	,-999.500000	,-573.000000	,-64.500000	,573.500000	,419.000000	,100.500000	,-174.500000	,-316.500000	,70.000000	,241.000000	,496.500000	,14.500000	,43.000000	,24.000000	,46.500000	,202.000000	,263.000000	,131.000000	,200.000000	,271.000000	,313.000000	,-80.000000	,-287.000000	,-223.000000	,26.500000	,-119.500000	,-166.000000	,-254.500000	,-250.500000	,-268.000000	,-122.000000	,41.500000	,-68.000000	,-58.000000	,-46.000000	,183.500000	,288.000000	,-26.500000	,-71.500000	,41.500000	,-20.000000	,194.500000	,218.000000	,419.500000	,185.000000	,-5.000000	,-55.500000	,-75.500000	,-38.000000	,190.000000	,-88.000000	,87.500000	,-509.000000	,-254.000000	,-548.000000	,-174.000000	,-42.000000	,70.500000	,82.000000	,-106.000000	,-98.000000	,84.000000	,272.500000	,447.500000	,377.000000	,280.500000	,338.000000	,354.500000	,104.000000	,267.000000	,-150.000000	,373.000000	,-303.500000	,-12.000000	,-199.000000	,-213.000000	,-116.000000	,-305.500000	,-287.000000	,-472.000000	,-452.000000	,-138.500000	,-159.500000	,267.000000	,-69.500000	,-156.500000	,-330.500000	,-249.000000	,54.000000	,318.000000	,190.000000	,74.500000	,38.000000	,0.500000	,195.000000	,44.000000	,146.500000	,-216.000000	,-161.500000	,104.000000	,-35.000000	,78.000000	,-154.500000	,32.500000	,-341.500000	,0.500000	,198.500000	,217.000000	,-392.500000	,-396.000000	,-423.500000	,-6.000000	,-39.500000	,-21.000000	,-182.500000	,-40.500000	,-60.000000	,320.000000	,40.500000	,-178.500000	,-38.000000	,-357.500000	,523.000000	,514.500000	,772.000000	,158.500000	,-257.500000	,-82.000000	,62.000000	,34.500000	,-138.000000	,-214.000000	,-291.000000	,-301.500000	,-136.500000	,-91.000000	,-17.500000	,-139.000000	,115.500000	,69.000000	,111.000000	,-232.000000	,-168.500000	,-39.500000	,130.000000	,39.500000	,-79.500000	,-223.500000	,-111.500000	,-188.000000	,-100.500000	,175.000000	,483.000000	,449.000000	,168.500000	,-25.500000	,-61.000000	,6.500000	,68.500000	,68.500000	,172.000000	,153.500000	,134.000000	,-16.500000	,-19.500000	,-76.500000	,117.500000	,-68.500000	,196.500000	,-57.500000	,103.000000	,-71.500000	,119.000000	,102.000000	,5.500000	,-67.500000	,-157.000000	,-132.500000	,-141.000000	,64.500000	,-117.500000	,-306.000000	,-464.500000	,-310.000000	,-191.500000	,-8.500000	,53.500000	,113.500000	,-142.500000	,-48.500000	,-49.000000	,-165.000000	,
6.000000	,-54.000000	,194.500000	,190.000000	,211.500000	,22.000000	,-42.500000	,128.000000	,334.500000	,420.000000	,229.000000	,37.500000	,-49.000000	,2.000000	,-65.500000	,-19.000000	,-95.500000	,-101.500000	,-87.500000	,-89.000000	,10.000000	,-138.000000	,-102.000000	,-142.500000	,-5.000000	,96.000000	,13.500000	,147.500000	,-178.500000	,117.000000	,-312.000000	,-147.000000	,-217.500000	,-75.000000	,-61.500000	,36.500000	,11.500000	,-74.000000	,-26.000000	,113.500000	,145.000000	,65.000000	,-29.000000	,214.500000	,196.000000	,288.000000	,-418.000000	,-911.000000	,-567.500000	,-156.000000	,224.500000	,-155.000000	,-316.500000	,-262.500000	,-45.000000	,-235.500000	,-49.500000	,-343.500000	,-29.500000	,-179.000000	,-18.500000	,78.000000	,165.000000	,90.000000	,192.500000	,-62.000000	,166.000000	,-14.500000	,-4.500000	,-257.000000	,-140.000000	,36.500000	,534.500000	,194.500000	,62.000000	,-219.500000	,-4.000000	,-185.000000	,68.000000	,-106.500000	,335.000000	,322.500000	,260.000000	,120.000000	,231.500000	,82.500000	,414.000000	,73.500000	,159.500000	,112.000000	,78.500000	,22.000000	,-283.500000	,-96.500000	,12.000000	,-116.000000	,190.000000	,293.000000	,254.500000	,-388.000000	,-270.000000	,-36.000000	,290.000000	,267.500000	,230.500000	,-74.000000	,-292.500000	,-374.500000	,-344.500000	,168.000000	,175.000000	,117.000000	,22.000000	,-71.500000	,276.500000	,-41.000000	,381.500000	,-298.500000	,73.500000	,-580.500000	,-159.500000	,-253.000000	,183.500000	,122.000000	,-239.000000	,-149.500000	,-703.000000	,-172.500000	,-135.000000	,149.000000	,-13.000000	,79.500000	,168.000000	,135.500000	,236.500000	,-199.500000	,-41.500000	,-54.500000	,-2.000000	,-76.500000	,-63.000000	,176.000000	,170.000000	,30.500000	,208.500000	,93.500000	,308.000000	,-87.000000	,-104.500000	,-129.000000	,76.500000	,-10.500000	,-156.500000	,-111.000000	,-4.000000	,49.000000	,258.500000	,307.500000	,348.500000	,323.500000	,131.500000	,139.000000	,-99.000000	,10.500000	,92.000000	,-30.000000	,66.000000	,-253.000000	,36.000000	,48.000000	,274.500000	,-91.000000	,-36.500000	,-136.500000	,-57.500000	,218.000000	,667.500000	,577.500000	,81.500000	,241.500000	,-160.000000	,190.500000	,-269.000000	,-30.500000	,-229.000000	,-232.000000	,-201.000000	,-361.500000	,28.500000	,-149.000000	,-50.000000	,-228.500000	,-153.000000	,-43.000000	,-143.500000	,-98.000000	,-72.000000	,-67.500000	,-48.500000	,-106.000000	,-54.500000	,-126.500000	,-69.500000	,-223.000000	,-23.500000	,-259.500000	,-141.000000	,-79.500000	,-42.000000	,124.500000	,275.000000	,60.500000	,-53.500000	,-66.000000	,-16.500000	,-6.000000	,-45.000000	,38.000000	,41.000000	,-46.000000	,-138.000000	,-237.000000	,-13.500000	,48.000000	,92.500000	,10.000000	,168.000000	,159.500000	,203.500000	,-119.500000	,1.000000	,101.000000	,164.000000	,60.000000	,72.000000	,60.000000	,325.000000	,393.500000	,416.000000	,133.500000	,
63.000000	,103.000000	,-126.000000	,-49.500000	,-136.000000	,-73.000000	,-38.500000	,-111.000000	,-129.000000	,-313.500000	,-267.000000	,-133.500000	,18.500000	,16.500000	,44.000000	,-108.000000	,-118.000000	,-52.500000	,-204.000000	,193.500000	,15.000000	,92.000000	,55.000000	,110.000000	,170.500000	,-91.500000	,5.000000	,100.000000	,226.000000	,158.500000	,-6.500000	,-18.000000	,-113.500000	,-21.500000	,-93.500000	,-112.000000	,-136.500000	,93.000000	,66.000000	,52.500000	,-144.000000	,-272.000000	,-1.500000	,79.000000	,-75.500000	,-521.500000	,-1196.000000	,-584.000000	,-453.500000	,160.000000	,-100.000000	,-294.500000	,-431.000000	,-152.500000	,76.500000	,354.000000	,130.000000	,119.000000	,-2.000000	,230.500000	,-206.000000	,-171.500000	,-79.000000	,-107.000000	,-88.500000	,-129.000000	,-57.000000	,-108.000000	,-16.500000	,-311.000000	,227.500000	,-461.500000	,-123.500000	,-227.500000	,60.000000	,345.500000	,86.000000	,437.000000	,208.500000	,125.000000	,-309.500000	,-130.500000	,-371.500000	,-92.000000	,-269.500000	,-23.000000	,134.000000	,-26.000000	,-221.500000	,-490.000000	,-287.000000	,-297.500000	,-153.500000	,-271.000000	,-266.500000	,-328.500000	,200.000000	,216.500000	,463.500000	,64.000000	,128.000000	,69.000000	,-323.000000	,-239.000000	,-268.000000	,189.500000	,259.000000	,189.000000	,-63.500000	,-283.500000	,-258.500000	,-373.000000	,-424.500000	,-332.500000	,-195.500000	,-267.500000	,-364.500000	,-182.500000	,-209.500000	,45.500000	,10.500000	,363.000000	,407.500000	,549.500000	,407.000000	,334.500000	,204.500000	,-122.500000	,-58.000000	,-231.500000	,204.500000	,-9.500000	,201.500000	,-84.000000	,156.000000	,-75.500000	,-247.000000	,-312.000000	,71.000000	,-14.000000	,-51.500000	,82.000000	,-106.000000	,54.000000	,-79.000000	,237.500000	,-41.000000	,-30.000000	,-37.000000	,118.500000	,326.500000	,291.500000	,478.500000	,242.500000	,188.000000	,-106.500000	,305.000000	,91.500000	,221.500000	,197.000000	,377.000000	,457.500000	,227.000000	,-102.500000	,-122.500000	,-205.500000	,96.000000	,384.000000	,321.000000	,740.500000	,198.000000	,419.000000	,-459.000000	,-155.500000	,20.000000	,96.500000	,192.000000	,43.500000	,12.000000	,-141.500000	,168.000000	,-62.000000	,332.000000	,-141.000000	,131.000000	,-226.000000	,-139.000000	,-176.500000	,-38.500000	,173.000000	,38.500000	,-186.000000	,-273.500000	,-68.500000	,-209.000000	,-86.000000	,-77.500000	,133.000000	,164.000000	,145.000000	,37.000000	,30.000000	,-36.500000	,186.000000	,167.000000	,181.000000	,25.500000	,-108.000000	,18.000000	,-150.000000	,0.000000	,-153.000000	,-156.000000	,-445.500000	,-346.500000	,-66.500000	,97.500000	,89.000000	,-169.000000	,-200.500000	,-150.000000	,100.000000	,1.000000	,-18.500000	,-118.000000	,62.500000	,95.500000	,70.000000	,29.000000	,448.500000	,551.000000	,500.000000	,200.000000	,-85.500000	,-110.000000	,-100.500000	,-99.000000	,13.500000	,-70.500000	,-64.000000	,
-56.500000	,12.000000	,-182.000000	,-84.000000	,-75.500000	,192.500000	,163.000000	,117.000000	,-111.000000	,-183.500000	,-257.000000	,-213.000000	,-262.500000	,-390.000000	,-265.500000	,-151.000000	,378.000000	,376.500000	,353.500000	,108.000000	,58.500000	,-135.000000	,-87.000000	,-13.000000	,157.500000	,319.000000	,429.000000	,362.000000	,209.000000	,-48.500000	,216.000000	,197.000000	,297.500000	,-91.500000	,12.000000	,-156.000000	,55.000000	,26.500000	,123.000000	,-164.500000	,-50.500000	,-271.500000	,-169.500000	,-333.000000	,-731.500000	,-1069.000000	,-956.500000	,-642.500000	,-99.000000	,-470.500000	,-114.000000	,-309.000000	,60.000000	,-130.000000	,-40.000000	,-79.500000	,-99.000000	,113.000000	,144.000000	,-41.000000	,56.000000	,71.500000	,49.000000	,87.500000	,-310.500000	,-299.500000	,-492.000000	,-137.500000	,170.500000	,-25.500000	,-237.000000	,-607.000000	,-604.000000	,-372.500000	,-157.000000	,-5.000000	,69.500000	,219.000000	,181.000000	,-264.000000	,16.000000	,-75.500000	,-71.000000	,-294.500000	,-371.000000	,-150.500000	,-13.000000	,247.500000	,135.500000	,-149.500000	,-188.000000	,-391.000000	,161.500000	,-75.500000	,-24.000000	,-44.000000	,99.000000	,-28.500000	,469.500000	,294.000000	,364.500000	,235.000000	,-54.500000	,375.000000	,65.500000	,232.000000	,-184.000000	,374.500000	,120.500000	,15.500000	,-28.500000	,-218.500000	,-327.500000	,-167.500000	,-216.500000	,151.000000	,-119.000000	,155.500000	,197.000000	,577.000000	,419.500000	,82.000000	,37.500000	,-137.000000	,-72.000000	,-2.000000	,124.000000	,491.500000	,469.500000	,287.000000	,164.000000	,-6.000000	,11.500000	,311.500000	,99.500000	,261.500000	,-28.000000	,-193.500000	,-257.000000	,-247.000000	,58.500000	,-282.000000	,-707.500000	,-638.500000	,-576.500000	,-3.000000	,73.000000	,10.500000	,-14.000000	,468.000000	,275.000000	,224.000000	,252.000000	,208.000000	,156.500000	,47.000000	,-402.500000	,-789.500000	,-632.000000	,-552.500000	,-42.500000	,-131.000000	,385.000000	,216.000000	,270.000000	,84.500000	,-175.000000	,272.500000	,47.500000	,428.000000	,22.500000	,287.500000	,54.000000	,223.500000	,4.500000	,-93.000000	,-164.500000	,-265.500000	,134.500000	,-325.500000	,-170.500000	,-170.000000	,-63.500000	,244.500000	,-76.500000	,-140.500000	,-334.500000	,74.000000	,-52.000000	,130.500000	,-187.500000	,-271.500000	,-504.000000	,-573.500000	,-148.000000	,-137.500000	,290.500000	,78.500000	,13.000000	,92.500000	,65.500000	,266.500000	,-68.500000	,-228.000000	,-426.000000	,-236.000000	,20.500000	,-11.500000	,74.500000	,-5.000000	,0.000000	,179.000000	,144.000000	,139.500000	,126.000000	,45.500000	,125.000000	,-162.000000	,-103.500000	,-49.500000	,92.500000	,134.500000	,-0.500000	,-264.000000	,-196.000000	,-188.000000	,-110.500000	,-42.000000	,-7.000000	,19.000000	,-92.000000	,-30.000000	,-112.500000	,30.000000	,201.500000	,15.500000	,34.500000	,-204.500000	,-104.000000	,-217.000000	,
148.500000	,211.000000	,27.500000	,-148.500000	,-175.500000	,-108.000000	,42.000000	,-14.500000	,118.500000	,209.000000	,180.000000	,-82.000000	,166.000000	,50.500000	,383.500000	,42.000000	,-33.000000	,-42.500000	,-77.000000	,1.000000	,-113.500000	,78.000000	,65.500000	,-22.000000	,-50.000000	,-133.500000	,32.500000	,-30.500000	,-99.500000	,-36.500000	,-77.000000	,40.000000	,-108.000000	,132.000000	,199.500000	,177.000000	,-147.000000	,-111.000000	,-13.500000	,207.000000	,278.500000	,467.500000	,58.000000	,-483.500000	,-524.000000	,-163.500000	,504.500000	,343.000000	,119.000000	,-18.000000	,-274.500000	,-155.500000	,-166.000000	,-197.500000	,-273.000000	,-597.000000	,-667.000000	,-588.000000	,-519.000000	,-249.000000	,-113.500000	,-101.000000	,-82.500000	,-5.000000	,173.500000	,85.500000	,-225.000000	,-420.500000	,-469.000000	,-420.000000	,-676.000000	,-569.000000	,-464.500000	,-71.500000	,154.000000	,16.000000	,88.500000	,-146.500000	,-109.000000	,-76.000000	,-92.500000	,-220.000000	,-105.000000	,-125.000000	,108.000000	,80.000000	,85.500000	,43.000000	,-14.000000	,5.500000	,-92.000000	,167.500000	,192.500000	,539.500000	,247.500000	,386.000000	,-76.500000	,186.500000	,-73.000000	,130.000000	,-279.000000	,86.500000	,188.000000	,-32.000000	,285.000000	,-120.000000	,-117.500000	,6.000000	,75.000000	,214.000000	,-76.000000	,-88.500000	,-172.500000	,188.000000	,-1.500000	,-42.000000	,-44.500000	,140.500000	,132.000000	,-106.500000	,-110.500000	,-203.000000	,154.500000	,198.000000	,23.500000	,299.000000	,39.000000	,65.500000	,-326.000000	,188.500000	,86.500000	,14.000000	,-314.500000	,-187.500000	,-173.500000	,175.500000	,-109.500000	,-54.500000	,-173.000000	,165.000000	,252.000000	,303.000000	,-121.000000	,-269.000000	,-251.500000	,-116.500000	,253.000000	,568.000000	,319.000000	,2.000000	,-96.000000	,205.000000	,307.000000	,-199.000000	,-373.000000	,-274.000000	,-105.000000	,86.000000	,-154.500000	,-107.000000	,-380.500000	,-121.500000	,-112.000000	,215.000000	,-106.500000	,82.000000	,30.500000	,225.500000	,450.500000	,391.000000	,274.500000	,-91.000000	,174.000000	,-53.000000	,-60.000000	,-572.500000	,-538.000000	,-368.000000	,-182.000000	,147.000000	,54.500000	,221.000000	,-108.000000	,-197.500000	,10.500000	,34.500000	,211.000000	,433.500000	,316.000000	,199.500000	,-18.500000	,4.000000	,-16.000000	,-83.000000	,-190.500000	,5.500000	,20.500000	,59.500000	,0.000000	,0.000000	,60.500000	,-32.500000	,50.000000	,37.500000	,13.500000	,-123.500000	,-106.000000	,155.000000	,80.500000	,102.000000	,-6.000000	,-5.000000	,152.500000	,388.000000	,397.500000	,229.500000	,0.000000	,188.000000	,406.500000	,381.000000	,74.500000	,-45.500000	,-146.500000	,310.000000	,95.500000	,385.500000	,203.500000	,49.000000	,-197.000000	,-234.500000	,-140.000000	,31.000000	,-18.500000	,27.500000	,23.000000	,-98.500000	,-36.500000	,-381.500000	,-113.000000	,-334.000000	,
-148.500000	,-86.000000	,2.000000	,-67.000000	,-22.000000	,-214.500000	,-75.000000	,-12.000000	,267.500000	,221.500000	,229.000000	,-1.000000	,127.500000	,201.500000	,156.500000	,124.000000	,-43.000000	,-10.000000	,-44.000000	,-62.500000	,-43.500000	,74.500000	,-61.500000	,-152.500000	,-109.500000	,-154.500000	,-6.000000	,-82.500000	,-6.500000	,93.500000	,-5.500000	,1.000000	,-108.000000	,-67.500000	,-186.000000	,-263.500000	,-33.500000	,-65.500000	,76.500000	,-47.000000	,-5.500000	,-398.000000	,-737.000000	,-1021.000000	,-637.000000	,-206.500000	,286.000000	,351.000000	,94.500000	,368.500000	,278.000000	,295.000000	,99.500000	,105.000000	,139.000000	,357.000000	,285.000000	,119.500000	,8.000000	,104.000000	,-42.500000	,48.000000	,-147.500000	,51.000000	,16.500000	,426.000000	,305.500000	,204.500000	,347.500000	,184.500000	,457.000000	,375.000000	,57.000000	,-154.500000	,-231.500000	,104.500000	,83.500000	,120.000000	,-11.500000	,6.000000	,-141.500000	,-57.000000	,25.500000	,127.500000	,48.500000	,293.000000	,139.500000	,148.000000	,-39.000000	,310.000000	,53.500000	,-128.000000	,-518.500000	,-454.000000	,-57.000000	,94.500000	,344.000000	,52.000000	,220.500000	,-2.500000	,-90.500000	,107.000000	,7.500000	,16.000000	,50.000000	,49.000000	,-143.000000	,-334.000000	,10.000000	,-214.000000	,137.500000	,-167.000000	,-44.000000	,-126.500000	,-116.500000	,-122.000000	,145.500000	,-120.500000	,81.500000	,239.000000	,150.000000	,162.000000	,-226.000000	,-182.500000	,-10.500000	,239.000000	,585.500000	,422.000000	,337.500000	,57.000000	,180.500000	,56.500000	,90.500000	,-62.500000	,-290.000000	,105.000000	,-178.500000	,208.000000	,129.500000	,135.500000	,-91.000000	,110.000000	,94.500000	,580.500000	,41.500000	,-207.500000	,-224.500000	,-343.000000	,-67.500000	,-105.500000	,-150.000000	,-214.500000	,-292.000000	,-168.000000	,-130.000000	,-159.500000	,-286.500000	,9.500000	,-10.500000	,-39.000000	,-222.500000	,-134.500000	,-223.000000	,-104.500000	,-104.000000	,8.000000	,110.000000	,102.000000	,221.500000	,422.500000	,61.000000	,-71.000000	,-288.000000	,119.000000	,88.000000	,407.000000	,99.000000	,253.500000	,67.000000	,271.000000	,360.000000	,271.000000	,29.500000	,41.500000	,288.000000	,38.000000	,29.000000	,-421.500000	,-48.000000	,-81.500000	,216.000000	,286.000000	,237.500000	,287.500000	,114.000000	,-137.000000	,-70.500000	,-306.500000	,-181.500000	,-184.500000	,-81.000000	,-90.000000	,186.500000	,300.000000	,415.500000	,310.000000	,-16.500000	,-68.500000	,-71.500000	,-98.500000	,-36.000000	,-118.500000	,-69.000000	,-77.000000	,2.500000	,-38.000000	,-55.500000	,-111.500000	,8.500000	,-137.000000	,-180.000000	,-106.500000	,-5.000000	,113.500000	,213.500000	,40.000000	,5.500000	,-201.000000	,-82.000000	,-160.000000	,-197.000000	,-47.500000	,-175.000000	,-63.000000	,-165.000000	,119.000000	,87.500000	,324.500000	,226.500000	,78.500000	,
-95.500000	,-195.000000	,-148.500000	,70.000000	,91.500000	,140.500000	,-36.000000	,-153.500000	,-79.500000	,3.500000	,42.500000	,223.500000	,97.500000	,112.500000	,44.000000	,-57.000000	,10.000000	,-20.000000	,-93.500000	,-202.500000	,-134.500000	,-292.000000	,-232.000000	,-59.500000	,-47.500000	,243.500000	,84.000000	,147.000000	,165.000000	,133.500000	,72.000000	,-117.000000	,94.500000	,42.000000	,99.000000	,-66.500000	,220.500000	,144.000000	,72.500000	,116.500000	,-71.000000	,-801.500000	,-798.000000	,-627.000000	,-326.000000	,4.000000	,-340.500000	,-70.500000	,144.000000	,-101.500000	,336.500000	,114.000000	,377.000000	,331.000000	,577.500000	,608.500000	,578.000000	,600.500000	,494.000000	,220.500000	,150.000000	,194.500000	,-69.500000	,-396.000000	,-444.000000	,-192.500000	,279.000000	,325.000000	,38.000000	,-10.000000	,92.000000	,-127.000000	,-521.500000	,-667.000000	,-681.500000	,-135.000000	,-349.000000	,-125.500000	,-458.500000	,5.500000	,-32.500000	,107.500000	,296.500000	,111.000000	,117.500000	,-251.000000	,-227.000000	,-403.500000	,132.500000	,251.000000	,282.000000	,-159.000000	,-307.500000	,-230.500000	,-203.500000	,-27.000000	,-103.000000	,24.500000	,-68.500000	,99.000000	,-152.500000	,-364.000000	,-181.500000	,-219.000000	,64.000000	,172.000000	,170.500000	,93.500000	,26.000000	,99.500000	,-3.500000	,77.000000	,9.000000	,-171.000000	,61.000000	,89.000000	,396.000000	,108.000000	,-116.500000	,-338.000000	,-601.000000	,-433.500000	,-191.000000	,-172.000000	,236.000000	,5.000000	,85.000000	,18.000000	,-79.500000	,-266.500000	,-441.000000	,-146.500000	,59.000000	,-7.000000	,354.000000	,306.500000	,334.000000	,140.000000	,-157.000000	,47.500000	,-161.000000	,-189.500000	,-193.500000	,-43.500000	,100.500000	,103.500000	,-249.500000	,-376.000000	,7.000000	,-24.500000	,-77.000000	,-459.000000	,-588.500000	,-184.500000	,-106.500000	,72.000000	,208.000000	,141.500000	,386.500000	,-76.000000	,233.500000	,-111.500000	,327.000000	,-48.500000	,160.500000	,-350.000000	,182.500000	,205.000000	,496.500000	,148.000000	,134.000000	,29.500000	,17.000000	,-295.500000	,-98.000000	,4.000000	,270.000000	,89.000000	,-279.500000	,-312.000000	,-269.000000	,-231.500000	,-210.500000	,-582.500000	,-501.500000	,53.500000	,-193.500000	,-105.000000	,-863.500000	,-511.500000	,-90.500000	,-11.000000	,12.500000	,-150.000000	,-164.500000	,-209.000000	,-247.000000	,-240.500000	,-59.500000	,-97.000000	,-26.000000	,-90.500000	,-8.500000	,-148.500000	,102.000000	,27.500000	,209.500000	,131.000000	,146.000000	,42.500000	,-33.500000	,-134.500000	,-130.500000	,-218.500000	,-218.000000	,-226.500000	,-210.000000	,-100.000000	,-53.500000	,-3.000000	,170.000000	,113.000000	,95.500000	,-57.000000	,-136.000000	,-124.000000	,-49.000000	,39.500000	,82.000000	,192.500000	,13.000000	,98.000000	,58.500000	,-61.000000	,23.000000	,-105.000000	,51.000000	,207.000000	,198.000000	,81.500000	,
-124.500000	,-164.500000	,-140.500000	,-65.500000	,-111.500000	,-15.000000	,-33.000000	,192.000000	,9.000000	,30.000000	,5.500000	,-29.000000	,-12.500000	,54.500000	,72.500000	,182.500000	,5.000000	,50.000000	,87.500000	,21.500000	,123.500000	,-335.500000	,153.500000	,2.000000	,76.500000	,17.500000	,-116.000000	,-15.500000	,-49.500000	,13.000000	,-62.000000	,32.500000	,-85.500000	,42.000000	,97.000000	,107.000000	,104.000000	,80.500000	,0.000000	,-45.500000	,-609.500000	,-534.500000	,-220.500000	,142.500000	,306.000000	,-93.500000	,-319.500000	,-286.500000	,-318.500000	,-238.500000	,-174.000000	,-396.000000	,-464.500000	,-462.000000	,-142.500000	,-222.500000	,242.000000	,-37.000000	,152.500000	,-194.000000	,-130.000000	,95.000000	,226.500000	,137.000000	,-40.500000	,-369.500000	,-207.000000	,-514.500000	,-68.500000	,-13.000000	,-175.000000	,-140.500000	,-158.000000	,172.500000	,-175.000000	,-131.500000	,-346.500000	,-46.500000	,-318.000000	,166.500000	,-182.000000	,-122.500000	,-329.000000	,-11.500000	,188.500000	,267.500000	,217.500000	,261.000000	,72.500000	,-102.000000	,-332.000000	,17.500000	,192.500000	,64.000000	,-190.000000	,-368.500000	,-293.500000	,-83.000000	,-164.500000	,404.000000	,203.000000	,196.500000	,135.000000	,-257.500000	,-404.500000	,-496.500000	,-152.000000	,-182.000000	,-266.500000	,-240.000000	,-13.500000	,254.500000	,510.000000	,196.500000	,264.500000	,102.000000	,-132.500000	,90.500000	,25.000000	,228.000000	,-22.000000	,342.500000	,323.000000	,485.000000	,118.500000	,207.500000	,156.000000	,148.000000	,48.500000	,-434.500000	,-212.500000	,-235.000000	,228.500000	,60.500000	,-61.000000	,-278.500000	,-108.000000	,30.000000	,-60.000000	,-213.000000	,-76.000000	,-757.000000	,-419.500000	,-646.000000	,-265.000000	,-344.000000	,-440.500000	,-174.500000	,-187.000000	,26.500000	,-55.000000	,41.000000	,364.500000	,105.500000	,22.500000	,-90.000000	,451.500000	,381.500000	,515.500000	,366.500000	,151.500000	,-100.500000	,-233.500000	,-114.500000	,-225.000000	,71.500000	,186.000000	,63.500000	,-10.000000	,-197.000000	,112.000000	,215.000000	,272.500000	,356.000000	,-84.500000	,-71.000000	,-461.000000	,57.000000	,242.000000	,334.500000	,202.000000	,167.000000	,-85.500000	,-69.500000	,-64.500000	,269.500000	,412.500000	,291.500000	,210.500000	,335.000000	,58.000000	,-84.000000	,117.000000	,285.000000	,440.500000	,129.500000	,-203.500000	,88.000000	,-402.000000	,-100.000000	,-176.500000	,-50.500000	,-46.500000	,114.000000	,-87.000000	,-37.500000	,-271.500000	,-44.500000	,-24.000000	,85.000000	,-178.000000	,-270.000000	,-385.000000	,-305.500000	,-319.500000	,-236.000000	,-281.000000	,-270.500000	,-360.500000	,-256.000000	,-88.000000	,-32.000000	,125.000000	,-25.000000	,-58.000000	,-135.000000	,-75.000000	,-76.500000	,-7.000000	,44.000000	,144.000000	,52.000000	,135.000000	,182.500000	,185.500000	,247.500000	,46.000000	,55.000000	,-49.500000	,-64.000000	,
-101.500000	,47.000000	,297.500000	,522.500000	,269.500000	,20.500000	,-25.500000	,99.500000	,107.000000	,126.000000	,73.500000	,57.000000	,-150.000000	,-39.000000	,-217.500000	,-108.000000	,-33.000000	,61.500000	,38.500000	,99.000000	,198.500000	,428.000000	,358.500000	,170.500000	,63.000000	,25.500000	,142.500000	,-84.000000	,-258.000000	,-202.000000	,-49.000000	,98.000000	,52.500000	,84.500000	,8.000000	,16.000000	,-128.500000	,-77.500000	,-102.000000	,-312.000000	,-454.500000	,114.000000	,228.500000	,356.500000	,-13.500000	,-262.500000	,-368.500000	,-510.000000	,45.000000	,-51.500000	,-1.500000	,-54.500000	,30.500000	,-11.500000	,-151.500000	,-199.500000	,-241.500000	,-274.000000	,-382.500000	,-137.000000	,111.000000	,188.000000	,84.500000	,303.000000	,309.000000	,64.500000	,159.000000	,103.000000	,453.500000	,215.000000	,278.500000	,-200.500000	,-16.000000	,-727.000000	,-250.500000	,-514.500000	,242.000000	,-296.500000	,563.500000	,-131.500000	,178.000000	,-59.500000	,-82.000000	,-194.500000	,-213.500000	,-67.500000	,108.000000	,-345.500000	,9.000000	,-531.500000	,109.500000	,211.000000	,258.500000	,414.500000	,1.500000	,503.000000	,336.500000	,342.500000	,134.000000	,-55.000000	,-13.500000	,-192.000000	,101.500000	,14.500000	,83.000000	,235.500000	,-138.500000	,108.500000	,-99.500000	,117.000000	,207.500000	,210.500000	,-14.500000	,-38.500000	,-80.000000	,-36.000000	,-350.000000	,-275.500000	,-56.000000	,330.500000	,161.000000	,279.000000	,141.000000	,175.500000	,81.000000	,-136.500000	,-266.000000	,-196.500000	,-441.000000	,-73.500000	,-230.000000	,-170.500000	,53.500000	,135.500000	,38.500000	,-253.500000	,-246.000000	,-150.500000	,135.500000	,87.500000	,133.500000	,-37.500000	,372.500000	,71.000000	,232.500000	,-18.000000	,184.000000	,185.000000	,-196.500000	,-195.000000	,-221.500000	,-158.500000	,-154.500000	,-223.000000	,-46.500000	,144.500000	,-206.500000	,-334.500000	,-309.500000	,82.000000	,95.000000	,120.000000	,-270.500000	,-73.500000	,4.500000	,487.000000	,334.500000	,128.000000	,-282.000000	,-135.500000	,-56.000000	,16.000000	,78.500000	,220.500000	,517.000000	,234.000000	,363.000000	,97.500000	,312.500000	,237.500000	,-162.500000	,-81.000000	,-68.500000	,390.500000	,284.500000	,-58.500000	,-149.500000	,79.500000	,540.000000	,607.500000	,463.500000	,90.500000	,-219.000000	,-362.000000	,-257.000000	,-142.500000	,-20.500000	,100.000000	,-89.500000	,-360.500000	,-444.000000	,-76.000000	,170.500000	,176.000000	,-114.000000	,-75.500000	,-220.500000	,-118.500000	,-133.500000	,-115.500000	,-131.000000	,110.500000	,108.000000	,155.000000	,220.500000	,-88.500000	,209.000000	,-173.000000	,115.500000	,-189.000000	,-69.000000	,-184.000000	,-76.500000	,-175.000000	,122.500000	,2.500000	,89.000000	,17.000000	,143.000000	,189.000000	,144.500000	,-50.500000	,-35.500000	,-168.500000	,-80.500000	,-159.500000	,-63.500000	,-154.500000	,-10.500000	,5.000000	,
278.500000	,335.000000	,121.000000	,-16.500000	,-199.500000	,-29.500000	,-400.000000	,-217.000000	,-143.000000	,40.000000	,10.000000	,-144.000000	,-20.000000	,-6.500000	,-15.500000	,-60.000000	,-186.000000	,-91.500000	,-232.500000	,-47.000000	,-86.000000	,168.500000	,35.500000	,-84.500000	,0.000000	,-157.500000	,39.500000	,-53.000000	,-151.500000	,-213.500000	,-308.500000	,-234.000000	,-262.500000	,-172.500000	,-21.500000	,0.000000	,34.500000	,-254.500000	,-301.500000	,-281.000000	,305.500000	,532.500000	,383.000000	,-104.500000	,-160.500000	,196.500000	,442.500000	,270.000000	,60.000000	,144.000000	,187.500000	,441.000000	,75.000000	,196.500000	,132.000000	,77.000000	,269.500000	,259.000000	,316.500000	,343.000000	,131.500000	,249.000000	,79.000000	,-142.000000	,-5.500000	,-135.500000	,-4.500000	,184.500000	,-245.000000	,-257.500000	,-561.000000	,-203.000000	,-112.000000	,192.500000	,172.000000	,-286.000000	,-195.000000	,-59.500000	,120.000000	,234.000000	,434.500000	,305.000000	,480.000000	,-52.000000	,-270.000000	,-278.000000	,-233.000000	,127.000000	,150.000000	,141.500000	,276.000000	,81.000000	,-113.000000	,44.500000	,-87.500000	,-30.500000	,-319.000000	,-254.000000	,-318.000000	,-9.000000	,-123.000000	,-44.000000	,-138.000000	,137.500000	,-104.500000	,131.500000	,-94.500000	,101.000000	,459.500000	,337.500000	,72.000000	,-61.000000	,-268.500000	,96.500000	,84.000000	,63.000000	,176.500000	,22.500000	,-163.000000	,-331.000000	,-597.000000	,-355.500000	,-311.500000	,-53.000000	,59.500000	,-84.000000	,-94.500000	,-142.000000	,151.500000	,303.000000	,163.000000	,-26.500000	,-597.000000	,-33.500000	,-554.500000	,-20.000000	,-359.500000	,31.000000	,-75.500000	,10.000000	,-182.000000	,-644.500000	,-416.500000	,-462.000000	,-123.000000	,37.000000	,252.500000	,75.500000	,121.500000	,0.500000	,410.000000	,272.500000	,506.500000	,334.500000	,225.000000	,181.500000	,112.000000	,26.500000	,51.000000	,-64.000000	,-49.000000	,446.000000	,523.500000	,578.500000	,421.000000	,567.500000	,757.000000	,668.000000	,464.000000	,-128.500000	,139.000000	,-340.500000	,-312.000000	,-417.500000	,-307.500000	,227.000000	,162.500000	,133.000000	,-478.000000	,-224.000000	,-199.000000	,-70.500000	,165.000000	,-291.000000	,-195.000000	,-158.500000	,-69.000000	,301.500000	,220.000000	,-93.500000	,-172.500000	,52.000000	,-98.000000	,-125.000000	,17.000000	,-131.500000	,23.000000	,-364.000000	,-427.500000	,-805.500000	,-893.000000	,-934.500000	,-340.500000	,4.500000	,174.500000	,232.500000	,283.000000	,-97.000000	,-24.500000	,-205.500000	,230.500000	,222.500000	,269.500000	,-10.000000	,139.500000	,239.500000	,253.500000	,355.500000	,210.500000	,285.000000	,211.500000	,101.000000	,22.500000	,44.000000	,9.000000	,184.000000	,84.000000	,-119.000000	,-175.500000	,-223.500000	,-54.000000	,-21.000000	,-75.000000	,-348.000000	,-129.000000	,-402.000000	,-120.000000	,-114.000000	,-82.500000	,-80.500000	,
-164.000000	,-269.500000	,-250.500000	,-169.500000	,246.000000	,208.500000	,58.500000	,-63.000000	,-179.000000	,2.500000	,-29.500000	,-74.500000	,72.500000	,2.500000	,189.000000	,120.000000	,87.000000	,-76.500000	,-103.000000	,20.000000	,-208.000000	,-238.500000	,-243.000000	,48.500000	,170.000000	,186.500000	,-19.500000	,108.000000	,265.500000	,190.500000	,141.500000	,-268.000000	,-25.500000	,-293.000000	,-3.000000	,235.000000	,122.000000	,-225.000000	,-233.500000	,-85.500000	,195.000000	,457.000000	,130.000000	,224.500000	,280.000000	,383.000000	,522.500000	,377.500000	,201.500000	,173.000000	,341.500000	,272.500000	,501.000000	,168.500000	,290.000000	,-105.500000	,-364.000000	,-388.000000	,-292.500000	,-228.000000	,-189.500000	,-261.500000	,-84.000000	,-83.000000	,186.000000	,266.500000	,250.000000	,25.500000	,-384.000000	,-337.500000	,-272.500000	,-11.500000	,151.500000	,472.000000	,12.000000	,-193.000000	,-592.000000	,-300.000000	,-348.000000	,-113.500000	,-31.000000	,-115.500000	,-271.500000	,28.500000	,251.000000	,444.000000	,86.000000	,345.000000	,127.500000	,163.500000	,164.000000	,-22.000000	,451.500000	,200.000000	,476.000000	,-73.500000	,5.000000	,-248.500000	,289.000000	,304.000000	,396.500000	,-59.500000	,-53.500000	,-84.500000	,-25.500000	,-235.000000	,-16.000000	,103.500000	,131.500000	,-359.500000	,-279.000000	,-220.500000	,310.000000	,309.500000	,90.500000	,-28.500000	,287.500000	,115.500000	,325.500000	,123.000000	,-39.500000	,-75.500000	,-53.000000	,-354.000000	,-247.500000	,45.500000	,130.500000	,325.000000	,12.000000	,209.500000	,60.500000	,343.500000	,-46.000000	,144.000000	,-72.000000	,373.000000	,104.000000	,222.500000	,-244.000000	,95.500000	,-133.000000	,260.000000	,259.500000	,286.000000	,290.500000	,65.500000	,-18.500000	,-69.500000	,-21.000000	,57.500000	,-3.000000	,-234.500000	,-122.500000	,-330.000000	,-132.500000	,-314.500000	,-19.000000	,-285.000000	,-112.000000	,-350.500000	,-275.000000	,-73.500000	,-190.500000	,-35.000000	,474.000000	,343.000000	,465.000000	,-73.500000	,-251.000000	,-93.500000	,-40.000000	,-190.000000	,-478.000000	,-308.500000	,-437.500000	,78.000000	,-266.500000	,-154.000000	,-288.500000	,-133.000000	,1.500000	,142.500000	,364.500000	,296.500000	,353.500000	,179.000000	,384.000000	,148.000000	,130.500000	,-87.000000	,102.500000	,-15.000000	,172.500000	,393.000000	,187.000000	,317.500000	,-178.500000	,-702.500000	,-766.000000	,-555.500000	,-584.000000	,-678.000000	,-1120.500000	,-433.500000	,-162.000000	,-157.000000	,-230.500000	,-41.500000	,168.000000	,90.500000	,-94.000000	,-25.000000	,-105.000000	,152.000000	,69.500000	,191.500000	,110.500000	,-69.000000	,-77.000000	,-221.000000	,-2.500000	,105.000000	,-131.000000	,-204.500000	,-264.000000	,-315.000000	,-178.500000	,-106.000000	,26.000000	,6.500000	,-32.500000	,104.500000	,-2.000000	,171.500000	,211.500000	,234.500000	,109.000000	,97.000000	,33.500000	,-44.500000	,
-193.000000	,-282.000000	,-122.500000	,-182.500000	,-142.000000	,-60.000000	,235.000000	,341.500000	,271.000000	,-37.500000	,-117.000000	,119.000000	,62.000000	,126.500000	,-13.500000	,74.500000	,-8.000000	,-5.000000	,133.500000	,-60.000000	,19.000000	,-453.500000	,-110.000000	,-358.500000	,-195.000000	,-159.500000	,-6.500000	,45.000000	,138.000000	,95.000000	,151.500000	,199.500000	,119.500000	,64.000000	,-357.000000	,-256.500000	,-313.500000	,121.000000	,-173.000000	,-57.500000	,-109.500000	,175.500000	,724.000000	,651.500000	,560.000000	,34.000000	,-573.000000	,-451.000000	,-158.000000	,-441.500000	,-540.000000	,-593.500000	,-130.500000	,-27.500000	,-139.500000	,-131.500000	,-46.000000	,-356.000000	,-213.500000	,-66.000000	,195.000000	,15.000000	,-105.000000	,1.000000	,90.500000	,-115.000000	,-72.500000	,-105.500000	,104.500000	,152.000000	,200.500000	,65.500000	,78.500000	,-238.500000	,-315.500000	,-462.000000	,-53.500000	,-164.500000	,85.000000	,-383.000000	,-341.500000	,-300.500000	,-276.500000	,-253.500000	,-408.500000	,-251.000000	,-461.500000	,-259.000000	,-290.500000	,-41.500000	,107.500000	,150.000000	,-54.000000	,65.000000	,-99.000000	,-202.000000	,-51.000000	,-21.500000	,375.500000	,216.000000	,181.500000	,-49.500000	,207.500000	,468.000000	,263.000000	,418.000000	,250.000000	,-135.000000	,-224.000000	,-268.000000	,-121.500000	,76.000000	,164.000000	,52.000000	,91.500000	,-306.500000	,-534.000000	,-452.000000	,-442.000000	,12.000000	,-21.500000	,-112.000000	,-71.000000	,-77.000000	,-315.500000	,25.000000	,110.000000	,-98.000000	,81.500000	,-52.500000	,220.500000	,365.000000	,525.000000	,346.000000	,524.000000	,341.000000	,496.500000	,287.000000	,287.500000	,205.500000	,147.500000	,389.500000	,184.500000	,170.000000	,-22.000000	,471.500000	,222.000000	,318.000000	,-172.500000	,72.000000	,-215.000000	,55.500000	,-362.500000	,-118.500000	,115.500000	,213.000000	,73.500000	,29.000000	,-158.500000	,224.500000	,301.500000	,272.500000	,104.000000	,36.000000	,37.000000	,-76.500000	,-59.000000	,107.500000	,35.000000	,-204.500000	,-377.000000	,30.000000	,3.500000	,294.000000	,-195.500000	,-237.500000	,138.500000	,138.000000	,353.500000	,-160.500000	,-182.500000	,-98.000000	,138.500000	,283.500000	,58.500000	,-263.500000	,-295.500000	,-301.500000	,-70.500000	,-170.000000	,-265.000000	,-305.500000	,-331.000000	,-416.000000	,-322.000000	,-290.500000	,-600.500000	,-312.000000	,-182.500000	,108.000000	,-72.500000	,-541.000000	,-713.500000	,-793.000000	,-63.500000	,-107.000000	,-79.500000	,-132.500000	,106.000000	,99.000000	,-30.500000	,125.000000	,343.500000	,335.000000	,43.000000	,-305.000000	,-233.000000	,-114.500000	,49.500000	,99.000000	,-55.500000	,-39.000000	,10.000000	,251.000000	,306.500000	,71.500000	,5.000000	,214.000000	,252.500000	,244.500000	,-197.000000	,-121.500000	,-303.000000	,86.000000	,65.000000	,141.500000	,-114.000000	,5.000000	,-116.500000	,-59.000000	,
54.500000	,446.000000	,256.500000	,128.000000	,-164.500000	,-44.500000	,-40.000000	,-6.000000	,-76.500000	,-79.500000	,-28.000000	,-100.500000	,-58.500000	,-156.500000	,-12.000000	,18.000000	,6.500000	,-17.500000	,5.000000	,-145.500000	,100.000000	,116.000000	,201.500000	,80.000000	,120.500000	,-64.000000	,28.000000	,0.000000	,-34.500000	,78.500000	,12.500000	,-70.000000	,31.500000	,21.000000	,43.500000	,-393.000000	,-42.500000	,183.000000	,416.000000	,273.500000	,160.500000	,61.500000	,188.000000	,569.500000	,403.500000	,310.500000	,225.500000	,334.000000	,289.000000	,189.500000	,-281.500000	,-129.500000	,-244.500000	,-39.000000	,-282.500000	,-52.500000	,225.500000	,180.000000	,-33.500000	,12.500000	,-202.500000	,-64.000000	,-141.500000	,-236.000000	,-54.500000	,25.000000	,301.000000	,-105.500000	,59.000000	,-46.500000	,386.000000	,213.000000	,-89.000000	,-429.000000	,-470.500000	,-390.000000	,-274.500000	,-72.500000	,-35.500000	,110.000000	,-73.000000	,331.000000	,807.000000	,660.500000	,401.000000	,-215.500000	,-312.500000	,-356.500000	,-82.000000	,169.500000	,118.500000	,-96.000000	,-285.500000	,-252.000000	,-34.000000	,-81.000000	,7.500000	,-107.500000	,-39.000000	,48.500000	,119.500000	,205.000000	,102.000000	,-56.500000	,-126.500000	,-399.000000	,60.500000	,72.000000	,8.000000	,257.500000	,-112.000000	,-145.500000	,-581.000000	,-330.000000	,-134.000000	,165.000000	,43.500000	,217.000000	,33.500000	,410.500000	,-28.500000	,316.000000	,285.500000	,225.500000	,164.000000	,-165.500000	,-29.000000	,203.000000	,503.500000	,263.500000	,-100.000000	,-366.500000	,-287.000000	,-487.500000	,-236.500000	,-452.500000	,-97.500000	,77.000000	,397.000000	,286.000000	,-171.500000	,-365.000000	,-537.000000	,-150.500000	,-194.500000	,-244.500000	,-341.000000	,-25.000000	,81.500000	,104.000000	,8.500000	,151.500000	,514.500000	,402.500000	,204.000000	,224.500000	,95.000000	,352.500000	,254.500000	,208.000000	,514.000000	,208.500000	,133.500000	,400.000000	,296.000000	,294.000000	,-306.000000	,11.500000	,124.000000	,563.500000	,452.000000	,445.000000	,285.000000	,63.500000	,156.500000	,-513.000000	,71.500000	,-28.500000	,185.500000	,117.500000	,168.000000	,-55.000000	,-78.000000	,-112.500000	,-90.500000	,-63.500000	,-239.000000	,-267.500000	,-348.500000	,-272.000000	,-184.500000	,166.500000	,246.500000	,305.000000	,-38.000000	,-303.500000	,-457.000000	,-395.000000	,-199.000000	,-106.500000	,-56.000000	,75.000000	,-129.500000	,-611.500000	,-897.000000	,-176.500000	,-2.500000	,129.500000	,-112.500000	,-59.500000	,-127.000000	,-32.500000	,-145.500000	,-93.000000	,-214.500000	,-157.500000	,-81.000000	,61.500000	,278.000000	,315.500000	,189.500000	,-39.000000	,41.000000	,138.000000	,163.000000	,290.000000	,269.500000	,252.000000	,134.500000	,4.000000	,107.500000	,27.000000	,205.500000	,-40.500000	,-100.500000	,-451.500000	,-69.000000	,52.500000	,202.500000	,-64.000000	,
13.500000	,1.000000	,3.000000	,-208.500000	,-6.500000	,-184.000000	,-17.500000	,-147.500000	,-25.500000	,-80.000000	,-137.000000	,-201.000000	,-80.000000	,-122.000000	,-109.000000	,-95.500000	,22.500000	,217.500000	,225.000000	,442.500000	,282.000000	,298.500000	,39.500000	,193.500000	,184.500000	,184.500000	,7.500000	,0.000000	,57.500000	,160.000000	,67.000000	,-28.000000	,-30.500000	,167.000000	,236.500000	,207.000000	,37.000000	,-56.000000	,-48.500000	,165.500000	,193.500000	,398.000000	,546.000000	,456.500000	,709.000000	,593.000000	,922.000000	,367.000000	,265.500000	,399.500000	,346.500000	,345.500000	,13.000000	,-154.500000	,-120.000000	,41.000000	,-61.500000	,50.500000	,-114.500000	,-332.500000	,-413.500000	,-139.000000	,219.500000	,224.000000	,308.000000	,63.500000	,160.000000	,-160.500000	,-362.000000	,149.500000	,151.000000	,432.500000	,-38.000000	,-132.500000	,-47.500000	,188.500000	,-616.500000	,-243.000000	,-604.000000	,209.500000	,-98.500000	,-247.000000	,-422.000000	,-143.000000	,-8.500000	,342.000000	,223.500000	,302.500000	,-184.500000	,-136.000000	,-557.500000	,-359.000000	,-567.000000	,-284.000000	,1.000000	,477.500000	,265.000000	,251.500000	,-259.000000	,397.000000	,492.000000	,231.500000	,-86.500000	,-198.000000	,-328.500000	,-280.500000	,-293.500000	,107.500000	,396.000000	,248.000000	,291.000000	,-97.000000	,-94.500000	,-14.000000	,-73.000000	,30.000000	,59.000000	,28.000000	,-6.500000	,-66.000000	,5.500000	,309.000000	,295.500000	,-17.500000	,-149.000000	,-331.000000	,-216.000000	,-452.500000	,-137.500000	,-355.500000	,21.000000	,78.000000	,-37.000000	,127.500000	,-362.500000	,-246.000000	,-517.500000	,-486.500000	,-296.500000	,-459.500000	,-532.000000	,-427.000000	,-76.500000	,154.500000	,602.500000	,51.000000	,-60.000000	,-407.000000	,-251.500000	,-332.000000	,-148.500000	,-178.500000	,-103.500000	,-467.000000	,-372.500000	,-200.500000	,27.500000	,196.000000	,-122.500000	,-108.000000	,-384.500000	,-447.500000	,-181.500000	,255.000000	,132.500000	,-46.500000	,-435.000000	,-437.500000	,-200.500000	,-45.000000	,249.000000	,-17.500000	,60.500000	,167.000000	,327.000000	,587.000000	,-43.000000	,-109.000000	,131.000000	,70.000000	,261.500000	,-83.000000	,-237.500000	,-99.000000	,67.500000	,27.000000	,30.500000	,-159.000000	,-45.500000	,-106.000000	,386.000000	,46.500000	,523.500000	,58.500000	,-179.000000	,-616.000000	,-270.000000	,-279.000000	,-129.500000	,-33.000000	,312.000000	,531.500000	,380.000000	,-420.000000	,-405.500000	,-406.000000	,171.500000	,-2.000000	,18.000000	,-22.000000	,240.000000	,285.000000	,221.500000	,-93.000000	,207.500000	,226.000000	,392.500000	,72.500000	,-136.500000	,-116.500000	,-128.500000	,114.500000	,181.000000	,64.000000	,-77.000000	,-160.500000	,-87.000000	,-37.500000	,-118.500000	,-53.500000	,-9.500000	,177.000000	,68.500000	,156.000000	,-81.500000	,63.500000	,-104.000000	,-167.000000	,-276.000000	,-340.000000	,
-118.000000	,-170.000000	,-92.500000	,30.000000	,-77.500000	,-16.500000	,-163.000000	,-74.500000	,42.000000	,-45.000000	,187.500000	,116.000000	,209.500000	,40.000000	,-214.000000	,-179.500000	,-274.000000	,-92.500000	,-75.000000	,-136.500000	,-297.000000	,28.500000	,-70.500000	,27.000000	,0.000000	,-63.000000	,0.000000	,-12.000000	,-48.000000	,-118.500000	,15.500000	,263.000000	,224.000000	,42.000000	,-130.000000	,15.000000	,-78.000000	,-308.000000	,-294.500000	,-245.500000	,-280.000000	,-527.500000	,-566.000000	,-416.500000	,85.000000	,489.000000	,291.000000	,219.500000	,-149.000000	,-47.500000	,88.500000	,56.000000	,32.000000	,-46.500000	,228.000000	,-69.500000	,-175.000000	,-269.500000	,186.000000	,154.500000	,203.500000	,54.500000	,338.000000	,211.000000	,215.000000	,-354.500000	,-497.500000	,-211.000000	,90.500000	,243.000000	,97.000000	,499.500000	,255.500000	,459.000000	,96.000000	,30.000000	,-56.500000	,-176.500000	,-353.000000	,129.000000	,324.500000	,465.000000	,-177.000000	,-254.000000	,-459.500000	,69.000000	,46.000000	,166.500000	,-270.000000	,-89.500000	,-15.000000	,274.000000	,185.500000	,114.000000	,-339.000000	,-83.500000	,-397.500000	,111.000000	,11.500000	,459.000000	,338.000000	,98.000000	,39.000000	,-63.500000	,314.500000	,290.500000	,234.500000	,187.500000	,313.500000	,214.500000	,346.000000	,101.500000	,259.500000	,360.000000	,291.000000	,535.000000	,577.000000	,513.000000	,388.000000	,150.500000	,-433.000000	,-541.500000	,-300.500000	,-72.500000	,114.500000	,12.000000	,3.000000	,-132.000000	,135.500000	,127.000000	,155.000000	,-28.000000	,141.000000	,309.500000	,315.500000	,281.000000	,-113.500000	,-28.000000	,-499.000000	,-611.000000	,-522.000000	,-87.000000	,-232.500000	,-294.000000	,-389.500000	,-20.500000	,176.000000	,358.000000	,87.500000	,513.500000	,264.500000	,427.500000	,239.500000	,-14.000000	,226.000000	,-24.000000	,94.000000	,-304.500000	,-30.500000	,-466.000000	,-503.500000	,-486.000000	,265.500000	,6.500000	,498.000000	,-61.000000	,472.500000	,424.500000	,249.500000	,77.000000	,-279.500000	,-411.000000	,-289.000000	,-392.000000	,73.000000	,31.000000	,-19.500000	,112.500000	,51.000000	,459.000000	,239.000000	,154.500000	,19.000000	,62.000000	,33.000000	,150.500000	,243.000000	,326.500000	,-6.000000	,-199.500000	,-3.000000	,-30.000000	,-52.000000	,-501.500000	,-372.000000	,-207.500000	,92.000000	,163.000000	,171.000000	,76.500000	,-189.500000	,-296.500000	,-299.000000	,-122.500000	,-167.500000	,-454.500000	,-194.000000	,-157.500000	,-49.500000	,67.500000	,-29.000000	,22.500000	,-24.000000	,116.000000	,111.000000	,244.500000	,58.500000	,82.500000	,-61.000000	,68.000000	,-139.000000	,-133.500000	,-244.500000	,-270.000000	,-201.000000	,-154.500000	,-85.500000	,-36.000000	,-73.500000	,-29.500000	,54.000000	,114.000000	,94.000000	,77.500000	,357.500000	,530.000000	,430.000000	,-217.500000	,-289.500000	,-431.500000	,
-155.000000	,-179.000000	,-67.000000	,5.000000	,187.000000	,310.000000	,116.500000	,35.500000	,-161.000000	,-20.500000	,55.000000	,39.000000	,-80.500000	,8.000000	,-55.500000	,-123.000000	,-117.000000	,-250.500000	,-139.500000	,-126.000000	,53.000000	,-25.000000	,30.500000	,-33.000000	,1.500000	,-6.000000	,-154.500000	,-111.000000	,-174.000000	,-177.000000	,-169.500000	,-141.000000	,-388.500000	,-370.500000	,-358.000000	,-160.000000	,-186.500000	,-131.500000	,-31.500000	,51.000000	,-126.000000	,-674.500000	,-642.500000	,-512.000000	,-355.000000	,-283.000000	,514.000000	,561.000000	,904.000000	,68.500000	,-358.000000	,-285.500000	,-93.500000	,202.500000	,60.500000	,-242.500000	,-295.500000	,94.500000	,132.000000	,114.000000	,-130.000000	,-451.500000	,-537.000000	,-319.000000	,174.000000	,137.500000	,391.500000	,241.000000	,531.000000	,-63.000000	,-212.500000	,-692.000000	,182.500000	,43.000000	,423.500000	,225.000000	,489.500000	,-245.000000	,-336.500000	,-645.500000	,-215.000000	,-279.500000	,-7.000000	,-336.000000	,117.000000	,-254.500000	,133.500000	,-15.500000	,390.000000	,38.000000	,257.500000	,244.500000	,512.000000	,119.500000	,-174.000000	,-423.000000	,-116.000000	,241.500000	,419.500000	,182.500000	,24.500000	,-16.500000	,141.000000	,-5.000000	,431.000000	,410.000000	,412.000000	,-8.500000	,-135.000000	,-305.000000	,-13.000000	,75.500000	,-210.500000	,-131.000000	,-394.000000	,139.500000	,303.500000	,461.000000	,295.000000	,397.500000	,-8.500000	,-2.000000	,-15.000000	,220.500000	,-61.000000	,-38.000000	,-110.500000	,78.000000	,-154.000000	,-68.500000	,-132.000000	,-74.500000	,-116.000000	,-210.000000	,-425.000000	,-192.000000	,4.500000	,9.000000	,7.000000	,-95.500000	,-105.500000	,81.500000	,120.500000	,132.500000	,-228.500000	,106.000000	,149.500000	,95.000000	,-89.500000	,17.000000	,-69.500000	,155.000000	,-97.000000	,23.500000	,22.000000	,4.000000	,19.500000	,114.500000	,44.000000	,87.500000	,50.000000	,432.500000	,568.500000	,138.000000	,142.500000	,6.000000	,338.500000	,180.500000	,-17.000000	,-85.500000	,-288.500000	,160.500000	,188.500000	,169.500000	,-66.500000	,-209.500000	,-148.000000	,160.500000	,-9.000000	,-171.500000	,-330.500000	,-291.000000	,-131.000000	,-363.000000	,-201.500000	,-55.000000	,115.000000	,-98.000000	,-128.500000	,-37.000000	,27.000000	,-184.000000	,-931.500000	,-909.500000	,-597.500000	,-329.500000	,45.500000	,-182.000000	,-151.000000	,-278.000000	,-220.000000	,-451.500000	,-113.500000	,14.500000	,-227.000000	,-410.500000	,-420.000000	,37.500000	,59.500000	,-111.500000	,-93.500000	,-165.000000	,-195.000000	,-204.000000	,-159.000000	,-166.500000	,-154.500000	,-187.500000	,57.500000	,119.000000	,-13.000000	,-37.500000	,-174.500000	,194.500000	,84.000000	,149.000000	,-165.500000	,-71.000000	,-63.500000	,65.000000	,-10.500000	,-22.500000	,-109.500000	,-51.000000	,-133.500000	,-147.000000	,-177.000000	,10.000000	,364.000000	,139.500000	,
38.500000	,-104.000000	,100.000000	,-163.000000	,24.500000	,111.500000	,-39.000000	,-246.500000	,-98.000000	,-128.000000	,-69.500000	,172.500000	,147.500000	,131.000000	,-51.500000	,-2.500000	,87.500000	,-6.500000	,75.500000	,179.500000	,-17.000000	,-90.500000	,-196.000000	,-211.000000	,-267.000000	,-184.500000	,-190.500000	,-35.500000	,-80.500000	,34.000000	,-6.000000	,77.500000	,16.500000	,-96.000000	,-73.500000	,-136.500000	,314.500000	,191.000000	,-175.500000	,-9.000000	,41.500000	,395.000000	,525.000000	,405.500000	,255.000000	,252.500000	,243.000000	,276.500000	,65.500000	,386.500000	,243.000000	,232.500000	,-107.000000	,-86.500000	,-228.500000	,-139.500000	,-78.000000	,-9.000000	,-167.000000	,-170.000000	,29.000000	,156.500000	,265.500000	,322.000000	,187.000000	,90.000000	,-39.500000	,-17.000000	,-9.500000	,132.500000	,-73.000000	,-90.000000	,-346.000000	,-26.500000	,118.000000	,245.500000	,178.000000	,91.000000	,-301.500000	,-460.000000	,-638.500000	,-339.000000	,-378.500000	,86.000000	,283.500000	,385.000000	,341.000000	,52.500000	,-17.500000	,-127.500000	,-38.500000	,-38.500000	,-14.000000	,-201.000000	,95.500000	,-300.000000	,327.000000	,-137.000000	,13.500000	,-322.000000	,-144.500000	,127.000000	,185.500000	,25.500000	,124.500000	,-21.500000	,-231.000000	,-167.500000	,-253.000000	,-125.500000	,91.500000	,227.000000	,291.500000	,-70.500000	,-45.500000	,-398.500000	,-403.000000	,-713.500000	,-291.500000	,80.500000	,203.500000	,404.000000	,28.500000	,37.000000	,-279.000000	,224.500000	,-148.500000	,83.000000	,-388.500000	,-146.000000	,-119.000000	,153.000000	,147.000000	,7.000000	,-85.500000	,-218.500000	,-81.500000	,-198.000000	,188.000000	,116.500000	,448.500000	,-116.500000	,-358.000000	,-330.000000	,-281.000000	,-99.000000	,-151.500000	,-147.000000	,-277.500000	,-517.000000	,-476.000000	,-379.000000	,25.500000	,181.500000	,6.000000	,-49.500000	,-523.500000	,-111.000000	,-93.500000	,377.000000	,318.000000	,671.000000	,625.500000	,633.000000	,209.000000	,155.500000	,130.500000	,-46.500000	,2.500000	,-259.500000	,172.500000	,200.500000	,202.000000	,-5.500000	,111.500000	,35.000000	,-25.500000	,-241.000000	,-25.000000	,-507.500000	,-116.500000	,-96.000000	,-82.000000	,-101.000000	,177.500000	,292.500000	,308.000000	,148.500000	,431.000000	,449.000000	,108.500000	,-612.000000	,-621.500000	,-410.000000	,-357.000000	,-335.500000	,-188.000000	,219.000000	,249.500000	,246.000000	,384.500000	,401.500000	,498.000000	,302.500000	,55.000000	,-328.500000	,-749.000000	,-755.000000	,-387.000000	,-151.500000	,-142.500000	,-217.500000	,-28.000000	,-119.500000	,-59.500000	,-186.500000	,-9.500000	,-2.000000	,119.500000	,77.500000	,114.000000	,151.000000	,314.000000	,21.000000	,-32.500000	,-360.500000	,-112.000000	,-41.000000	,84.500000	,19.000000	,122.500000	,61.500000	,-79.500000	,-166.500000	,-396.000000	,-216.000000	,-237.000000	,248.500000	,157.000000	,189.000000	,
-169.000000	,166.000000	,-114.500000	,80.500000	,-125.000000	,73.000000	,35.500000	,173.500000	,155.000000	,279.500000	,108.000000	,51.000000	,17.500000	,-176.500000	,-42.500000	,41.500000	,-44.000000	,-69.500000	,-140.000000	,50.500000	,127.500000	,372.500000	,306.500000	,111.000000	,115.500000	,78.500000	,200.500000	,165.000000	,105.500000	,-12.000000	,-102.500000	,-366.500000	,-151.000000	,-262.000000	,227.500000	,-115.500000	,230.000000	,-117.000000	,-54.000000	,-87.000000	,247.500000	,140.000000	,313.000000	,-108.500000	,156.000000	,209.000000	,-123.500000	,25.500000	,348.000000	,958.500000	,906.500000	,487.000000	,-166.000000	,-19.000000	,-37.000000	,30.000000	,208.000000	,41.000000	,-46.000000	,-116.500000	,298.000000	,621.500000	,79.500000	,-130.000000	,-264.000000	,-70.500000	,178.000000	,-126.000000	,-346.500000	,-284.500000	,-70.000000	,-8.000000	,-73.500000	,-207.000000	,336.000000	,-157.500000	,2.500000	,-387.000000	,-91.000000	,-193.000000	,-155.000000	,437.500000	,464.000000	,498.000000	,49.000000	,37.000000	,-56.500000	,-113.500000	,167.500000	,-125.500000	,205.000000	,-508.500000	,-123.000000	,123.500000	,307.000000	,342.000000	,-64.000000	,57.500000	,-131.500000	,47.500000	,105.000000	,210.000000	,317.500000	,108.000000	,-96.500000	,-355.500000	,-244.000000	,-181.500000	,-94.500000	,-339.000000	,-384.500000	,-358.000000	,137.500000	,-237.000000	,129.000000	,-252.000000	,-443.500000	,-670.500000	,-520.500000	,-383.500000	,-387.000000	,-362.000000	,-209.000000	,-440.000000	,-124.000000	,-135.500000	,-11.000000	,-190.000000	,-260.500000	,-177.500000	,321.000000	,166.000000	,59.500000	,175.500000	,153.000000	,256.500000	,459.000000	,507.000000	,121.500000	,-144.500000	,-27.000000	,82.500000	,-214.500000	,256.000000	,258.500000	,259.000000	,39.500000	,-123.500000	,333.500000	,32.500000	,173.500000	,-27.000000	,-63.000000	,259.500000	,217.000000	,159.000000	,-66.000000	,-249.500000	,-71.500000	,137.500000	,452.500000	,173.000000	,129.500000	,73.000000	,-157.000000	,28.500000	,-114.000000	,-35.000000	,-229.500000	,-317.500000	,-347.500000	,-70.000000	,-43.000000	,170.500000	,28.500000	,45.500000	,-131.500000	,-83.000000	,-186.500000	,37.000000	,-37.500000	,77.000000	,-283.000000	,110.000000	,-118.000000	,225.500000	,-20.500000	,-80.500000	,53.500000	,-191.000000	,-237.500000	,-327.500000	,221.500000	,89.500000	,440.000000	,-7.000000	,1.500000	,-14.500000	,163.000000	,144.500000	,139.500000	,-176.500000	,31.500000	,-250.500000	,-248.500000	,-55.500000	,-433.000000	,-647.500000	,-834.500000	,-133.500000	,156.000000	,132.500000	,149.000000	,233.500000	,137.000000	,72.500000	,46.000000	,-50.000000	,-131.000000	,-106.500000	,46.000000	,-110.000000	,-191.000000	,-298.000000	,-67.500000	,-84.500000	,67.000000	,80.000000	,124.000000	,17.000000	,-109.500000	,-133.500000	,-102.500000	,-24.500000	,108.000000	,243.000000	,270.500000	,153.000000	,62.500000	,4.000000	,
-308.500000	,-110.000000	,-282.500000	,8.500000	,-233.500000	,-34.000000	,146.500000	,150.500000	,125.000000	,-28.500000	,-6.500000	,-117.500000	,-99.500000	,93.500000	,12.500000	,252.500000	,-211.500000	,-42.000000	,-235.000000	,-133.000000	,-12.500000	,21.500000	,-38.500000	,75.500000	,197.500000	,173.500000	,-4.000000	,-99.000000	,-89.500000	,54.500000	,-226.000000	,-451.500000	,-561.000000	,-99.000000	,143.500000	,75.000000	,-187.000000	,-88.000000	,466.000000	,383.000000	,128.500000	,-161.500000	,-128.500000	,-36.000000	,-186.500000	,-266.000000	,-240.500000	,159.000000	,134.000000	,305.500000	,61.000000	,224.500000	,106.000000	,127.500000	,303.000000	,498.000000	,312.500000	,366.500000	,539.000000	,322.500000	,439.000000	,-136.500000	,-21.500000	,-304.500000	,-141.500000	,-146.000000	,-227.500000	,96.500000	,-153.500000	,45.500000	,183.500000	,312.000000	,496.500000	,306.000000	,499.000000	,446.000000	,189.000000	,337.500000	,19.000000	,-201.000000	,-163.500000	,-411.000000	,173.500000	,223.500000	,467.000000	,277.000000	,17.000000	,48.000000	,-138.000000	,5.500000	,-203.000000	,134.000000	,98.000000	,86.000000	,134.500000	,289.000000	,453.500000	,47.500000	,68.000000	,-213.000000	,127.500000	,130.500000	,93.000000	,-67.000000	,-202.500000	,-146.000000	,99.000000	,187.000000	,188.500000	,406.500000	,-79.500000	,-10.500000	,-382.500000	,-108.000000	,-188.000000	,1.500000	,153.500000	,164.500000	,309.500000	,84.500000	,194.000000	,19.500000	,125.500000	,-89.500000	,-149.500000	,-341.500000	,51.500000	,18.500000	,-15.500000	,-35.500000	,-128.500000	,63.500000	,-256.500000	,-128.500000	,91.000000	,27.500000	,-16.500000	,-190.000000	,-642.500000	,-410.500000	,-591.000000	,461.000000	,338.500000	,193.500000	,-383.500000	,-347.000000	,-98.500000	,13.000000	,441.500000	,409.500000	,167.500000	,178.000000	,3.000000	,138.000000	,-61.500000	,-142.000000	,23.500000	,-12.000000	,85.500000	,274.500000	,847.500000	,286.000000	,250.000000	,-121.500000	,-112.500000	,-9.000000	,-43.000000	,229.000000	,296.500000	,484.500000	,424.500000	,73.000000	,-25.500000	,-163.000000	,-164.000000	,-23.500000	,199.500000	,33.000000	,60.500000	,19.000000	,-44.500000	,-44.500000	,64.500000	,36.500000	,-205.500000	,-332.500000	,-551.500000	,-106.000000	,-512.500000	,-529.000000	,-742.500000	,-328.000000	,-206.500000	,-64.500000	,-159.500000	,50.000000	,-331.000000	,-448.500000	,-656.000000	,-431.000000	,-272.500000	,221.500000	,382.000000	,386.500000	,198.500000	,-191.500000	,-191.500000	,-816.000000	,-782.500000	,-589.000000	,-53.500000	,12.500000	,-25.000000	,-32.500000	,-131.500000	,0.000000	,-165.500000	,26.500000	,-71.000000	,-92.500000	,24.000000	,-126.000000	,-47.000000	,45.000000	,220.500000	,373.000000	,50.500000	,-15.500000	,-96.000000	,24.500000	,0.000000	,71.500000	,52.500000	,210.000000	,274.500000	,119.000000	,11.500000	,-69.000000	,-51.500000	,-78.000000	,
179.000000	,45.000000	,513.000000	,-45.500000	,139.000000	,-201.000000	,-70.500000	,9.500000	,-11.500000	,-61.000000	,-118.500000	,-16.500000	,119.000000	,146.000000	,375.000000	,341.500000	,631.500000	,394.000000	,251.500000	,35.000000	,-172.500000	,-132.000000	,-267.000000	,-135.000000	,-93.000000	,-99.000000	,-124.500000	,-244.500000	,-202.500000	,30.500000	,-47.000000	,368.500000	,537.500000	,436.500000	,253.500000	,-22.500000	,123.000000	,142.500000	,-34.500000	,-291.000000	,-829.500000	,-389.000000	,-98.500000	,44.500000	,-261.000000	,-138.500000	,-426.000000	,-223.500000	,-467.500000	,-411.000000	,36.000000	,515.000000	,691.500000	,36.000000	,-66.000000	,-42.500000	,103.500000	,178.500000	,179.000000	,41.500000	,-613.500000	,-428.000000	,-252.000000	,289.500000	,85.000000	,-164.000000	,-83.500000	,-254.500000	,-19.000000	,-71.000000	,138.500000	,19.500000	,-137.000000	,-348.000000	,-545.500000	,-165.500000	,-228.000000	,281.000000	,-104.500000	,-445.500000	,-466.000000	,-666.000000	,-394.000000	,-723.500000	,-408.000000	,-125.000000	,147.000000	,87.000000	,-209.000000	,-299.500000	,-437.500000	,85.000000	,-161.000000	,-177.000000	,-515.000000	,-298.500000	,-174.000000	,-101.000000	,-351.000000	,-138.000000	,206.500000	,-6.500000	,118.500000	,-130.500000	,246.000000	,47.500000	,136.000000	,-135.000000	,-177.000000	,181.000000	,355.500000	,498.500000	,521.500000	,363.500000	,152.500000	,12.500000	,330.500000	,118.000000	,57.000000	,20.000000	,70.500000	,292.500000	,293.000000	,521.000000	,379.000000	,320.500000	,-52.500000	,163.000000	,281.000000	,127.000000	,-397.000000	,-268.500000	,-613.500000	,63.000000	,59.000000	,580.000000	,218.500000	,40.000000	,28.500000	,-127.500000	,-169.000000	,-125.500000	,172.000000	,40.500000	,-139.000000	,-27.000000	,14.500000	,100.500000	,-91.000000	,176.500000	,263.000000	,281.500000	,288.500000	,-207.000000	,-90.500000	,237.000000	,467.000000	,393.000000	,272.500000	,583.500000	,378.000000	,647.000000	,-126.000000	,14.500000	,-69.500000	,278.000000	,232.000000	,115.000000	,-47.500000	,-120.500000	,15.500000	,-305.000000	,5.500000	,-107.000000	,203.000000	,332.500000	,291.500000	,19.500000	,12.500000	,-9.500000	,419.500000	,257.000000	,340.000000	,-36.500000	,-212.500000	,-425.500000	,-541.000000	,-375.000000	,-934.500000	,-813.000000	,-530.500000	,-270.500000	,-49.500000	,-32.000000	,25.500000	,45.000000	,-135.000000	,144.500000	,187.500000	,242.000000	,50.500000	,-172.000000	,-385.500000	,-16.000000	,230.500000	,191.000000	,254.000000	,-77.000000	,-234.500000	,-499.500000	,-247.000000	,82.500000	,21.000000	,96.500000	,-227.000000	,-77.000000	,-5.000000	,229.500000	,283.500000	,24.000000	,-37.500000	,146.500000	,395.000000	,362.000000	,192.500000	,-143.000000	,36.500000	,-84.500000	,-47.500000	,-47.500000	,78.000000	,63.500000	,87.000000	,-82.000000	,-127.000000	,-147.000000	,-97.500000	,-79.500000	,-93.500000	,-33.000000	,
-92.000000	,-87.500000	,-136.000000	,-93.000000	,157.500000	,60.000000	,111.500000	,64.000000	,-59.000000	,-99.000000	,-18.000000	,-26.000000	,18.500000	,-89.000000	,-24.000000	,-52.500000	,-10.500000	,-198.000000	,26.000000	,6.000000	,290.000000	,97.500000	,158.500000	,-31.000000	,-94.000000	,52.500000	,-88.500000	,105.000000	,-183.000000	,-72.000000	,144.500000	,222.500000	,188.500000	,-45.500000	,-382.500000	,-142.500000	,-165.500000	,104.000000	,-62.000000	,-219.500000	,-57.000000	,43.500000	,327.500000	,240.500000	,264.500000	,479.500000	,549.000000	,287.000000	,146.000000	,1.500000	,-3.000000	,403.500000	,618.500000	,521.500000	,88.000000	,-148.000000	,313.500000	,40.000000	,-132.000000	,-17.500000	,-22.500000	,128.000000	,100.000000	,-171.000000	,-253.000000	,-233.000000	,31.500000	,89.000000	,205.500000	,-111.000000	,-273.500000	,-238.000000	,-395.000000	,-193.000000	,-93.500000	,-22.000000	,-35.000000	,127.500000	,95.000000	,250.000000	,-242.000000	,-182.500000	,-671.000000	,-137.000000	,-285.500000	,-101.000000	,-300.500000	,-247.500000	,-146.500000	,402.000000	,33.500000	,205.000000	,-217.500000	,234.000000	,175.000000	,-53.500000	,-70.000000	,-99.000000	,162.500000	,231.500000	,127.500000	,570.000000	,525.000000	,399.000000	,8.000000	,-257.000000	,94.000000	,115.000000	,371.000000	,162.000000	,368.500000	,341.000000	,265.500000	,258.000000	,81.000000	,271.500000	,-131.500000	,180.000000	,-31.500000	,-130.000000	,-158.000000	,-493.500000	,-120.000000	,-109.000000	,133.000000	,149.500000	,183.500000	,291.000000	,504.000000	,320.000000	,164.500000	,203.500000	,286.500000	,149.500000	,223.500000	,13.500000	,-30.500000	,156.000000	,-41.500000	,445.500000	,203.500000	,-270.500000	,87.000000	,-170.500000	,371.000000	,326.500000	,-6.000000	,-109.500000	,-248.000000	,-68.000000	,132.500000	,-48.000000	,-361.500000	,-437.000000	,-212.500000	,196.000000	,297.500000	,583.500000	,270.500000	,204.500000	,-127.000000	,-265.500000	,112.000000	,-119.500000	,163.000000	,-73.500000	,66.500000	,-111.000000	,20.500000	,-266.000000	,-360.500000	,-96.500000	,161.500000	,401.500000	,127.500000	,-327.000000	,-146.500000	,-193.000000	,-21.500000	,227.000000	,214.000000	,248.500000	,-6.500000	,6.500000	,574.000000	,459.500000	,362.000000	,-391.000000	,-522.500000	,-626.000000	,-285.500000	,-236.500000	,-262.500000	,-162.500000	,-103.000000	,132.000000	,22.500000	,-51.000000	,16.500000	,257.500000	,20.500000	,-362.500000	,-699.500000	,-405.000000	,-237.500000	,94.000000	,153.000000	,498.500000	,-296.500000	,-713.500000	,-1124.500000	,-462.000000	,-100.500000	,-64.500000	,127.000000	,91.500000	,58.000000	,-120.000000	,-39.500000	,-7.000000	,72.500000	,35.000000	,0.000000	,67.500000	,56.500000	,253.000000	,270.000000	,257.000000	,-58.000000	,-144.000000	,-205.500000	,-39.000000	,112.500000	,43.500000	,102.500000	,189.500000	,90.500000	,36.000000	,76.500000	,138.500000	,
21.000000	,-6.000000	,-122.000000	,-10.000000	,129.000000	,97.000000	,-103.500000	,0.000000	,-217.500000	,76.500000	,-69.000000	,50.000000	,23.000000	,-68.500000	,-82.500000	,-173.500000	,-250.000000	,-227.500000	,-99.000000	,-117.000000	,-201.000000	,36.000000	,-136.500000	,63.000000	,-286.500000	,-79.500000	,86.000000	,205.000000	,30.000000	,-99.500000	,-435.500000	,-171.000000	,-104.500000	,-193.500000	,-443.500000	,-471.500000	,-154.000000	,-11.500000	,365.500000	,570.000000	,775.000000	,509.000000	,468.500000	,-29.000000	,129.500000	,-269.000000	,191.000000	,5.500000	,416.500000	,69.500000	,258.000000	,154.500000	,718.000000	,878.500000	,793.000000	,292.000000	,-189.000000	,-102.500000	,-182.000000	,354.500000	,245.000000	,488.000000	,177.500000	,24.000000	,-247.500000	,-337.500000	,-305.000000	,98.500000	,-109.500000	,53.000000	,12.500000	,-67.500000	,71.500000	,157.500000	,227.500000	,255.500000	,-240.000000	,-208.500000	,33.000000	,382.000000	,81.500000	,-177.000000	,-343.500000	,334.500000	,242.000000	,67.500000	,-270.000000	,-147.000000	,165.500000	,40.000000	,351.500000	,182.500000	,222.500000	,332.500000	,772.000000	,675.000000	,273.000000	,297.500000	,57.000000	,220.000000	,-222.500000	,218.000000	,-17.500000	,124.500000	,-154.000000	,-79.500000	,213.000000	,151.500000	,151.000000	,-11.000000	,-89.500000	,-181.500000	,-272.500000	,-100.500000	,404.000000	,24.000000	,81.500000	,-47.500000	,-145.500000	,400.000000	,-252.500000	,93.500000	,-228.500000	,-303.500000	,-256.500000	,-338.000000	,-398.000000	,-412.500000	,-145.000000	,75.000000	,120.000000	,125.500000	,-8.500000	,139.000000	,120.500000	,11.500000	,51.500000	,-74.000000	,-59.500000	,-24.500000	,117.500000	,3.000000	,-38.000000	,-67.500000	,82.500000	,26.500000	,256.000000	,26.500000	,-98.500000	,-420.500000	,-535.000000	,-285.000000	,-188.000000	,-21.500000	,-235.000000	,-101.000000	,-321.500000	,-449.000000	,79.000000	,-499.500000	,49.500000	,-671.000000	,-104.500000	,-265.500000	,183.500000	,35.500000	,2.000000	,-247.000000	,-23.000000	,37.000000	,-61.000000	,-297.000000	,-193.000000	,-66.500000	,-93.500000	,-257.000000	,60.500000	,202.500000	,304.500000	,83.500000	,-125.000000	,-42.000000	,-157.500000	,113.000000	,80.500000	,137.500000	,-317.000000	,-455.000000	,-154.000000	,233.000000	,39.000000	,194.000000	,-127.000000	,67.000000	,108.000000	,-12.000000	,268.500000	,175.000000	,94.000000	,-210.000000	,-52.000000	,104.000000	,-38.000000	,-231.500000	,-203.000000	,-322.000000	,54.500000	,245.000000	,456.000000	,-119.500000	,-459.000000	,-1059.000000	,-311.500000	,-225.500000	,143.000000	,-93.000000	,108.000000	,-182.500000	,0.000000	,-36.500000	,-12.500000	,-174.500000	,-180.000000	,-124.500000	,22.500000	,44.000000	,0.500000	,-30.500000	,-55.500000	,1.500000	,7.000000	,-10.500000	,60.000000	,92.500000	,17.000000	,-131.500000	,-283.500000	,-206.500000	,-97.000000	,-41.500000	,
-29.500000	,53.500000	,102.500000	,-50.000000	,-33.000000	,30.500000	,32.500000	,85.000000	,236.000000	,169.000000	,65.500000	,35.500000	,-46.500000	,69.500000	,-159.500000	,-121.500000	,-293.000000	,23.500000	,-22.500000	,193.500000	,-136.500000	,31.500000	,-32.500000	,48.500000	,164.000000	,100.500000	,197.000000	,36.500000	,29.000000	,-91.000000	,-205.500000	,-267.000000	,-240.000000	,244.000000	,574.000000	,667.500000	,378.500000	,-38.000000	,-311.500000	,-61.500000	,73.000000	,58.500000	,61.000000	,-170.500000	,-50.000000	,-252.000000	,-401.500000	,-100.000000	,-376.500000	,-61.000000	,-152.500000	,-142.000000	,42.000000	,592.500000	,788.500000	,1014.500000	,368.000000	,7.000000	,356.500000	,-152.500000	,11.000000	,-149.000000	,-195.000000	,-220.000000	,-101.500000	,145.500000	,149.500000	,266.000000	,156.000000	,402.000000	,-37.500000	,267.000000	,32.500000	,-106.000000	,81.500000	,15.000000	,85.000000	,-207.000000	,73.500000	,-129.500000	,422.500000	,-256.500000	,31.000000	,-310.500000	,37.000000	,8.500000	,-80.000000	,-57.000000	,228.000000	,-70.000000	,264.500000	,70.500000	,29.500000	,-573.000000	,-615.000000	,-602.500000	,-289.500000	,-17.000000	,109.000000	,6.000000	,-324.500000	,-211.000000	,-410.000000	,-52.000000	,287.000000	,378.000000	,254.000000	,341.500000	,-57.000000	,73.000000	,-282.500000	,4.500000	,-139.500000	,-141.500000	,-39.500000	,-228.500000	,175.000000	,339.500000	,243.000000	,355.000000	,93.000000	,344.000000	,331.500000	,292.000000	,326.500000	,166.000000	,-55.000000	,-267.500000	,-500.500000	,-221.000000	,-164.500000	,96.500000	,215.500000	,271.500000	,154.500000	,-96.500000	,-223.000000	,-722.500000	,-503.500000	,-608.000000	,-229.500000	,-226.000000	,-352.500000	,-223.000000	,-148.500000	,13.000000	,6.000000	,102.000000	,-169.000000	,-391.000000	,-131.000000	,146.500000	,356.000000	,98.500000	,31.000000	,-218.500000	,-298.000000	,-176.500000	,216.000000	,448.500000	,199.500000	,55.000000	,-210.000000	,-77.500000	,-131.000000	,-156.000000	,-363.500000	,-590.000000	,-586.000000	,-224.000000	,346.000000	,561.000000	,121.000000	,6.000000	,-223.000000	,79.000000	,-53.500000	,165.000000	,0.000000	,-168.000000	,-84.500000	,-257.500000	,-8.000000	,26.000000	,-318.500000	,-872.500000	,-730.000000	,-559.500000	,196.000000	,28.500000	,100.000000	,-273.500000	,326.000000	,-98.500000	,80.500000	,-336.000000	,-32.000000	,124.500000	,314.000000	,-23.500000	,79.500000	,-25.500000	,322.000000	,211.000000	,254.000000	,37.500000	,-180.500000	,-154.000000	,-53.500000	,241.500000	,-364.500000	,-319.500000	,-545.000000	,99.000000	,23.000000	,335.000000	,192.000000	,319.000000	,64.000000	,113.000000	,-8.000000	,-96.500000	,-114.000000	,-178.500000	,-54.000000	,12.000000	,-24.500000	,11.500000	,40.500000	,224.500000	,125.500000	,38.000000	,-115.500000	,-58.500000	,-114.000000	,-171.000000	,28.000000	,-39.500000	,91.000000	,-109.000000	,
-67.000000	,91.000000	,77.500000	,18.000000	,-51.500000	,26.500000	,6.500000	,-55.500000	,-116.500000	,-125.500000	,-280.000000	,-191.000000	,-335.000000	,-170.000000	,-106.000000	,166.000000	,257.500000	,147.500000	,72.500000	,-43.000000	,141.500000	,89.500000	,140.000000	,-12.000000	,-106.000000	,-169.000000	,-129.500000	,-228.500000	,-220.500000	,46.000000	,340.000000	,113.500000	,322.000000	,165.500000	,246.500000	,-64.500000	,-214.500000	,-217.500000	,-188.500000	,-186.500000	,-243.500000	,-305.500000	,-350.500000	,-242.000000	,-32.000000	,47.000000	,65.000000	,204.000000	,101.000000	,515.000000	,299.000000	,198.500000	,-223.500000	,130.000000	,515.000000	,663.500000	,422.500000	,102.500000	,-536.500000	,-143.000000	,-490.000000	,-223.000000	,-101.500000	,395.000000	,401.500000	,360.000000	,76.000000	,-120.500000	,-178.000000	,-175.000000	,-25.500000	,164.500000	,255.500000	,48.500000	,-237.000000	,-383.000000	,-45.500000	,-225.000000	,7.500000	,-57.500000	,245.500000	,19.000000	,-131.000000	,-350.000000	,-63.500000	,426.000000	,378.000000	,471.500000	,233.000000	,219.000000	,-114.000000	,-87.000000	,-195.000000	,-275.500000	,-420.500000	,-196.500000	,-50.500000	,-74.000000	,-129.000000	,-194.000000	,76.000000	,104.500000	,-156.000000	,143.000000	,-328.500000	,-88.500000	,-371.500000	,-135.500000	,-270.500000	,-518.500000	,-562.000000	,-607.500000	,-241.500000	,-235.000000	,-308.500000	,70.500000	,-172.000000	,49.500000	,114.500000	,115.000000	,-39.000000	,-31.000000	,44.500000	,44.000000	,250.000000	,375.000000	,649.000000	,465.500000	,499.000000	,362.500000	,429.000000	,383.000000	,141.500000	,-171.500000	,-75.500000	,-95.500000	,-115.500000	,-364.500000	,-284.000000	,-338.000000	,17.000000	,-245.000000	,-28.000000	,30.000000	,105.500000	,215.500000	,33.500000	,185.500000	,267.500000	,227.000000	,114.500000	,187.500000	,278.000000	,343.500000	,386.000000	,-163.000000	,138.000000	,546.500000	,509.500000	,596.000000	,176.000000	,539.000000	,268.000000	,238.000000	,84.500000	,-243.500000	,-7.000000	,-24.000000	,209.500000	,84.000000	,357.500000	,328.000000	,-82.500000	,-66.000000	,144.000000	,411.500000	,128.000000	,-92.000000	,-241.500000	,86.500000	,-130.000000	,-11.000000	,156.500000	,-87.000000	,-675.000000	,-900.500000	,-376.500000	,95.500000	,147.000000	,-163.000000	,-44.500000	,-202.000000	,18.500000	,-234.500000	,98.000000	,355.500000	,-101.000000	,145.000000	,-337.000000	,-65.500000	,-243.500000	,-302.000000	,2.000000	,-65.500000	,188.000000	,-2.000000	,-131.000000	,-150.000000	,-318.500000	,-194.500000	,-95.000000	,-23.000000	,-296.000000	,-263.500000	,-86.500000	,-8.500000	,11.000000	,-10.500000	,-16.500000	,22.000000	,110.000000	,332.500000	,241.500000	,155.000000	,-85.500000	,-106.500000	,-57.500000	,-22.000000	,14.500000	,18.000000	,-79.000000	,0.000000	,-115.500000	,-48.000000	,44.500000	,328.000000	,417.500000	,352.500000	,76.500000	,-14.000000	,
-25.500000	,45.000000	,331.000000	,92.500000	,45.500000	,-164.500000	,-361.500000	,-267.000000	,-239.500000	,-96.500000	,213.500000	,-55.500000	,168.500000	,73.000000	,95.000000	,-42.000000	,41.500000	,-87.000000	,-182.000000	,-148.500000	,-96.000000	,-100.500000	,31.000000	,-22.000000	,-50.500000	,-238.000000	,-270.000000	,-403.500000	,187.500000	,161.000000	,336.000000	,1.500000	,-159.500000	,-256.500000	,-432.000000	,-14.500000	,29.500000	,327.500000	,95.500000	,227.000000	,-385.500000	,-124.000000	,-433.000000	,41.000000	,-117.000000	,262.500000	,471.000000	,231.000000	,274.500000	,215.000000	,435.500000	,7.500000	,210.500000	,-184.000000	,4.000000	,205.500000	,335.500000	,577.500000	,-118.500000	,70.000000	,63.500000	,215.000000	,87.000000	,30.000000	,26.000000	,66.500000	,91.500000	,269.500000	,346.000000	,354.000000	,74.000000	,-332.000000	,-574.000000	,-116.500000	,42.000000	,190.000000	,-68.000000	,77.500000	,83.000000	,-194.500000	,-406.000000	,-539.500000	,-359.000000	,-470.000000	,-690.000000	,-481.000000	,-334.500000	,47.500000	,-58.500000	,-79.500000	,-355.500000	,-408.000000	,-134.500000	,304.000000	,726.000000	,716.000000	,625.500000	,283.000000	,64.000000	,266.000000	,117.500000	,452.500000	,261.000000	,533.500000	,255.000000	,201.500000	,151.000000	,-118.000000	,-130.000000	,78.500000	,521.500000	,341.000000	,436.000000	,-24.500000	,56.500000	,-342.000000	,-157.500000	,-365.000000	,88.000000	,-264.500000	,-208.000000	,-310.000000	,-64.000000	,-9.500000	,23.500000	,90.500000	,60.500000	,0.500000	,16.000000	,-49.500000	,213.000000	,148.500000	,329.000000	,12.500000	,-54.500000	,-184.500000	,-63.500000	,-201.500000	,22.000000	,28.500000	,129.000000	,281.000000	,38.000000	,-136.000000	,-329.000000	,-368.000000	,-249.500000	,48.500000	,575.000000	,644.500000	,468.000000	,159.000000	,-0.500000	,126.500000	,91.000000	,150.000000	,770.000000	,617.500000	,448.500000	,-217.000000	,-177.500000	,-2.500000	,361.000000	,9.500000	,123.000000	,-87.000000	,282.500000	,553.000000	,296.500000	,19.500000	,-219.500000	,-258.500000	,-413.500000	,-232.500000	,-274.500000	,-298.500000	,-125.500000	,-194.500000	,-71.000000	,43.500000	,224.500000	,360.000000	,-13.500000	,-542.000000	,-628.500000	,-287.500000	,73.500000	,96.000000	,204.500000	,-3.000000	,285.000000	,199.000000	,1.500000	,106.500000	,-169.000000	,116.000000	,-121.000000	,-117.500000	,41.500000	,186.000000	,322.500000	,109.500000	,-96.000000	,-168.000000	,-129.500000	,-5.000000	,-108.000000	,84.500000	,-189.500000	,-205.500000	,131.500000	,-352.500000	,-359.000000	,-859.500000	,-460.500000	,-91.500000	,-125.000000	,-57.500000	,10.000000	,-25.500000	,-33.500000	,-89.000000	,-1.500000	,-55.500000	,33.000000	,-135.500000	,-42.000000	,-49.500000	,-273.000000	,-190.500000	,-82.000000	,95.000000	,96.500000	,-121.500000	,-85.500000	,-223.500000	,-117.000000	,-30.000000	,47.500000	,-39.000000	,
-167.500000	,56.500000	,106.500000	,302.500000	,78.500000	,155.000000	,-138.000000	,14.500000	,-70.500000	,192.000000	,234.000000	,280.000000	,239.500000	,262.000000	,190.000000	,46.500000	,237.500000	,53.000000	,285.000000	,164.000000	,242.000000	,149.500000	,46.000000	,264.500000	,231.000000	,154.500000	,-119.500000	,127.500000	,77.000000	,205.500000	,-404.000000	,88.500000	,-352.500000	,109.500000	,-90.500000	,254.500000	,326.000000	,11.000000	,24.500000	,-27.000000	,262.500000	,179.000000	,199.000000	,107.500000	,78.000000	,-246.000000	,-192.000000	,-221.000000	,-268.000000	,-335.500000	,-179.500000	,83.500000	,196.000000	,-131.000000	,-240.000000	,-498.000000	,121.500000	,253.000000	,638.500000	,292.000000	,150.000000	,-17.000000	,-54.000000	,-406.500000	,-176.000000	,-12.000000	,312.500000	,1.500000	,-93.500000	,-377.000000	,-30.500000	,-272.500000	,-162.500000	,-248.500000	,-442.500000	,-153.000000	,-167.000000	,205.500000	,-101.500000	,-130.000000	,-42.500000	,14.500000	,-54.500000	,-581.500000	,-654.000000	,-786.500000	,-128.500000	,72.000000	,57.000000	,-486.500000	,-179.500000	,-7.500000	,364.500000	,375.000000	,240.500000	,-6.000000	,-4.000000	,74.500000	,313.000000	,116.000000	,256.500000	,49.000000	,622.000000	,441.500000	,733.500000	,-64.000000	,46.500000	,-137.500000	,300.500000	,397.500000	,418.500000	,175.000000	,-167.500000	,-130.500000	,-397.500000	,-71.000000	,30.500000	,413.500000	,287.500000	,300.500000	,41.500000	,-224.000000	,-176.000000	,-374.000000	,48.500000	,-345.500000	,-312.500000	,-588.000000	,-498.000000	,-683.500000	,-462.000000	,-385.000000	,-308.500000	,-201.500000	,17.500000	,46.500000	,-132.500000	,-106.000000	,-166.500000	,129.500000	,160.000000	,565.000000	,431.500000	,397.000000	,13.500000	,-17.000000	,-101.000000	,-255.500000	,334.500000	,197.000000	,159.500000	,-311.500000	,-447.000000	,-375.500000	,-499.500000	,14.000000	,268.500000	,274.000000	,185.000000	,-61.500000	,-81.500000	,-371.000000	,-198.000000	,343.500000	,94.000000	,177.000000	,-138.000000	,-324.000000	,-154.500000	,-395.500000	,9.500000	,-342.000000	,209.500000	,76.000000	,181.500000	,212.000000	,255.500000	,472.500000	,226.500000	,158.000000	,-66.000000	,-303.500000	,-875.500000	,-436.500000	,-441.500000	,481.000000	,-135.500000	,-47.500000	,-111.000000	,282.000000	,124.000000	,21.500000	,59.000000	,226.000000	,338.000000	,118.500000	,196.000000	,55.000000	,371.500000	,280.500000	,163.500000	,-114.000000	,-159.000000	,-76.000000	,-232.000000	,-401.000000	,-287.500000	,-189.000000	,67.000000	,0.500000	,55.000000	,174.500000	,-257.500000	,39.000000	,-279.500000	,67.500000	,130.000000	,-63.500000	,-6.500000	,-137.000000	,-223.500000	,-250.500000	,-108.000000	,-69.500000	,25.000000	,76.000000	,186.000000	,169.500000	,-33.000000	,-48.000000	,-187.500000	,-96.000000	,-67.500000	,96.000000	,1.000000	,92.500000	,-155.000000	,-166.500000	,-273.000000	,-265.000000	,
-130.000000	,-84.000000	,-271.500000	,-190.500000	,11.000000	,59.500000	,391.000000	,317.500000	,308.500000	,-0.500000	,-86.500000	,-80.500000	,-134.500000	,-113.500000	,-40.500000	,147.500000	,102.500000	,262.500000	,65.500000	,-14.000000	,-234.000000	,-166.500000	,-130.500000	,-57.000000	,-47.500000	,-99.500000	,44.500000	,-341.500000	,-214.500000	,-501.000000	,73.000000	,-113.500000	,300.000000	,249.000000	,93.500000	,-125.000000	,-109.500000	,-277.000000	,-226.500000	,-170.000000	,179.000000	,109.000000	,163.000000	,-86.500000	,12.500000	,-308.500000	,-189.500000	,148.000000	,341.000000	,161.000000	,-361.000000	,-164.500000	,-80.000000	,106.000000	,106.000000	,46.000000	,-75.000000	,28.500000	,127.000000	,415.500000	,181.000000	,66.500000	,42.000000	,46.500000	,279.500000	,326.000000	,374.500000	,-32.000000	,-422.000000	,-350.500000	,-114.000000	,294.000000	,398.500000	,145.000000	,-38.000000	,73.500000	,-20.000000	,112.000000	,-338.000000	,-184.000000	,-285.000000	,36.000000	,-175.500000	,124.500000	,-155.000000	,-270.500000	,-476.000000	,-468.000000	,-408.000000	,-51.500000	,321.000000	,82.500000	,-125.500000	,-210.500000	,80.500000	,-150.500000	,-132.500000	,116.500000	,279.000000	,38.000000	,-26.000000	,-382.000000	,25.000000	,-61.500000	,127.000000	,32.000000	,-206.000000	,-58.500000	,111.000000	,-174.000000	,-303.000000	,-323.500000	,-155.500000	,325.000000	,339.500000	,444.000000	,-41.500000	,-262.000000	,-666.500000	,-90.500000	,268.000000	,382.000000	,306.000000	,39.000000	,155.000000	,355.000000	,219.000000	,428.500000	,-50.500000	,48.000000	,-382.500000	,-378.000000	,-481.000000	,-173.500000	,-250.500000	,147.000000	,66.500000	,290.000000	,45.000000	,-152.000000	,-206.500000	,-33.500000	,203.500000	,363.000000	,286.000000	,228.000000	,33.000000	,-137.000000	,-278.500000	,-734.000000	,-493.000000	,-401.000000	,-193.000000	,14.000000	,-64.500000	,447.000000	,59.500000	,65.500000	,-418.500000	,-261.000000	,-11.000000	,250.500000	,-126.000000	,-173.500000	,-202.500000	,0.500000	,-37.000000	,-126.500000	,-210.500000	,-288.000000	,-96.500000	,-174.500000	,166.500000	,96.500000	,103.000000	,-223.500000	,-90.500000	,-366.500000	,-132.000000	,50.500000	,-150.000000	,-681.500000	,-478.000000	,-823.000000	,-154.000000	,-294.500000	,52.500000	,162.000000	,-147.500000	,-126.500000	,-354.500000	,-171.000000	,-355.500000	,-422.000000	,-39.500000	,-316.500000	,-78.000000	,-244.500000	,-202.500000	,-133.000000	,-129.500000	,36.000000	,280.500000	,152.500000	,122.000000	,108.500000	,161.500000	,383.500000	,290.500000	,73.500000	,232.500000	,-329.500000	,-248.500000	,-695.000000	,-478.000000	,-292.000000	,23.000000	,-23.500000	,-157.500000	,-200.000000	,-66.000000	,-27.500000	,-61.500000	,-99.000000	,-74.500000	,-50.500000	,-27.000000	,-79.000000	,140.500000	,179.500000	,146.000000	,-69.500000	,95.500000	,151.000000	,240.000000	,230.000000	,129.500000	,-86.500000	,-456.000000	,-302.500000	,
246.000000	,271.000000	,43.500000	,-27.000000	,-117.000000	,-58.500000	,-6.000000	,-223.500000	,-228.000000	,-178.500000	,-87.500000	,-52.000000	,22.000000	,-72.000000	,-20.500000	,0.000000	,-45.000000	,0.000000	,-157.500000	,-187.500000	,-259.500000	,-364.500000	,-292.000000	,-167.500000	,-167.500000	,31.000000	,-131.500000	,-245.500000	,-541.500000	,-190.000000	,185.000000	,78.000000	,-159.000000	,-190.500000	,-115.000000	,-209.500000	,-79.000000	,47.500000	,-40.000000	,-47.500000	,-62.000000	,-240.500000	,111.500000	,206.500000	,218.000000	,269.500000	,-122.500000	,-179.000000	,-26.500000	,61.500000	,126.000000	,4.500000	,-81.000000	,115.000000	,94.500000	,294.000000	,184.000000	,266.500000	,457.500000	,484.000000	,613.000000	,315.500000	,109.000000	,123.500000	,-218.000000	,-364.500000	,-307.000000	,-5.500000	,582.000000	,242.000000	,301.000000	,175.000000	,414.500000	,482.000000	,561.500000	,439.500000	,113.500000	,275.500000	,301.500000	,44.500000	,-16.500000	,49.000000	,199.500000	,-160.500000	,-438.500000	,-541.500000	,-389.500000	,157.000000	,86.000000	,408.500000	,275.500000	,227.000000	,-65.000000	,-40.000000	,-8.500000	,-154.000000	,-335.000000	,-288.000000	,-115.500000	,-204.000000	,-258.000000	,-251.500000	,-166.000000	,-9.500000	,203.000000	,60.000000	,18.500000	,-261.000000	,-365.500000	,-242.500000	,-146.000000	,53.500000	,29.000000	,127.500000	,258.500000	,-83.000000	,-105.500000	,-245.500000	,179.500000	,141.000000	,197.500000	,144.000000	,76.500000	,84.500000	,-231.000000	,-66.500000	,92.000000	,116.000000	,377.000000	,519.500000	,367.000000	,137.500000	,11.000000	,-117.500000	,-195.500000	,-288.500000	,-338.500000	,-205.000000	,-236.500000	,-136.500000	,117.500000	,-89.000000	,-309.500000	,-625.500000	,-154.000000	,25.500000	,184.000000	,176.500000	,-304.500000	,-76.500000	,-315.000000	,-69.000000	,-56.000000	,24.500000	,557.000000	,370.000000	,86.000000	,19.500000	,77.500000	,168.500000	,-116.500000	,-231.500000	,-59.000000	,-384.000000	,-247.500000	,-162.000000	,11.000000	,367.500000	,362.000000	,619.000000	,304.500000	,637.000000	,240.000000	,267.000000	,51.000000	,-83.000000	,132.000000	,5.500000	,-169.000000	,-540.000000	,-798.000000	,-487.000000	,-407.500000	,83.500000	,-129.000000	,-372.500000	,-133.000000	,-248.500000	,200.500000	,-98.000000	,44.500000	,260.000000	,204.500000	,244.000000	,-32.000000	,225.000000	,231.500000	,177.000000	,32.500000	,-88.000000	,122.500000	,336.000000	,187.500000	,89.500000	,18.000000	,-3.000000	,-24.000000	,38.000000	,-198.500000	,-162.500000	,-57.000000	,44.000000	,-66.000000	,-715.000000	,-896.500000	,-1027.000000	,-418.500000	,17.500000	,-108.500000	,196.500000	,138.000000	,151.500000	,-218.000000	,-295.500000	,-147.000000	,-64.500000	,-84.000000	,-121.500000	,23.500000	,-51.500000	,-27.500000	,-49.500000	,-49.500000	,1.500000	,-138.000000	,-198.000000	,-103.500000	,16.000000	,323.000000	,167.500000	,
-196.000000	,-67.000000	,277.000000	,173.500000	,134.000000	,11.000000	,114.000000	,97.000000	,213.500000	,140.500000	,132.000000	,157.500000	,113.500000	,-30.500000	,-276.500000	,-265.500000	,-46.500000	,9.000000	,61.500000	,257.000000	,162.000000	,142.500000	,85.000000	,-232.000000	,-85.000000	,-371.000000	,-178.000000	,270.500000	,219.000000	,404.500000	,188.000000	,194.000000	,25.500000	,-56.000000	,-24.500000	,-281.000000	,-361.500000	,-458.000000	,-175.500000	,-197.500000	,-167.000000	,-237.000000	,-373.500000	,-400.500000	,-264.000000	,234.500000	,146.500000	,-90.500000	,-454.000000	,-558.000000	,-89.000000	,-36.500000	,17.000000	,-76.500000	,-279.000000	,-397.000000	,-513.500000	,-57.500000	,135.500000	,371.000000	,203.500000	,523.500000	,248.000000	,-15.500000	,-16.000000	,-58.500000	,-214.500000	,-1.000000	,1.000000	,508.500000	,83.500000	,-6.500000	,-434.000000	,-384.000000	,-198.500000	,-104.500000	,-160.500000	,204.500000	,116.000000	,591.500000	,306.000000	,217.000000	,-225.000000	,-447.000000	,66.500000	,263.500000	,354.000000	,104.000000	,-43.500000	,-243.500000	,-88.500000	,155.500000	,217.500000	,89.500000	,-274.500000	,-117.000000	,-25.000000	,-148.500000	,-54.000000	,-304.500000	,139.500000	,187.500000	,431.500000	,499.000000	,-6.000000	,53.000000	,-223.000000	,-15.500000	,-132.000000	,-28.500000	,179.000000	,233.000000	,204.000000	,-183.000000	,-40.500000	,-61.000000	,225.500000	,533.500000	,448.500000	,328.000000	,-288.500000	,-110.000000	,-35.500000	,134.000000	,-158.500000	,-27.500000	,-356.500000	,-163.000000	,-387.000000	,-91.500000	,-247.500000	,-20.500000	,133.500000	,49.500000	,347.000000	,-139.500000	,-378.500000	,-326.000000	,54.000000	,133.500000	,204.000000	,58.500000	,33.000000	,192.000000	,456.000000	,510.000000	,379.500000	,53.500000	,4.000000	,-166.500000	,-93.500000	,-313.000000	,-259.000000	,-78.500000	,843.500000	,561.500000	,658.000000	,138.500000	,480.500000	,554.500000	,287.000000	,251.000000	,93.000000	,284.000000	,130.000000	,169.500000	,-112.000000	,29.500000	,147.000000	,9.000000	,116.000000	,114.500000	,1.500000	,-195.500000	,-315.500000	,-142.000000	,-237.000000	,74.000000	,-55.000000	,-442.000000	,-591.000000	,-447.500000	,-160.500000	,259.000000	,236.000000	,327.500000	,352.000000	,-92.000000	,55.500000	,-354.500000	,73.500000	,-259.500000	,230.500000	,149.000000	,132.500000	,273.000000	,18.000000	,184.500000	,-408.000000	,-507.000000	,-490.500000	,-133.500000	,80.000000	,19.500000	,122.500000	,-174.500000	,-90.000000	,-265.000000	,302.000000	,35.000000	,57.500000	,-83.500000	,329.500000	,291.000000	,-181.500000	,-329.500000	,-537.000000	,90.000000	,196.500000	,90.000000	,-88.500000	,-89.500000	,-153.000000	,271.000000	,-55.000000	,-23.000000	,-237.500000	,43.500000	,31.500000	,-50.500000	,56.500000	,-81.500000	,-30.500000	,-102.000000	,-213.000000	,-84.000000	,-87.500000	,160.000000	,198.000000	,97.000000	,
-124.000000	,-213.000000	,-159.000000	,-248.500000	,-140.500000	,-224.500000	,-88.500000	,95.000000	,199.000000	,212.500000	,42.500000	,-73.500000	,-172.500000	,-217.500000	,-246.000000	,-259.500000	,-211.500000	,-133.500000	,58.500000	,10.500000	,271.500000	,358.500000	,336.000000	,-23.000000	,12.000000	,-547.500000	,-42.500000	,-92.500000	,390.500000	,210.000000	,131.000000	,104.000000	,132.000000	,109.500000	,33.500000	,118.500000	,17.500000	,227.000000	,-0.500000	,54.500000	,-72.500000	,-84.000000	,-146.000000	,-337.000000	,-424.000000	,20.000000	,248.500000	,190.500000	,-2.000000	,-5.000000	,-107.500000	,194.500000	,91.000000	,153.500000	,-151.000000	,-5.000000	,-95.000000	,172.500000	,-188.500000	,-195.000000	,85.000000	,556.000000	,887.000000	,338.500000	,308.500000	,254.000000	,53.000000	,-105.500000	,-371.000000	,-17.500000	,-221.500000	,-30.500000	,-232.000000	,-313.500000	,-253.000000	,-408.500000	,-35.000000	,-2.500000	,467.500000	,-114.500000	,144.000000	,-86.500000	,329.500000	,168.500000	,105.000000	,-710.000000	,-937.000000	,-1062.500000	,-215.500000	,2.500000	,-116.500000	,196.000000	,128.000000	,281.500000	,162.500000	,58.000000	,73.000000	,-275.500000	,-226.000000	,-197.500000	,25.000000	,-91.000000	,-360.500000	,-196.000000	,-248.000000	,155.000000	,-123.500000	,-191.500000	,-272.500000	,-287.000000	,-11.000000	,50.500000	,427.000000	,189.000000	,-65.000000	,263.500000	,-87.000000	,133.000000	,-417.000000	,-520.000000	,-442.000000	,-731.500000	,-281.000000	,-208.000000	,-87.500000	,-178.000000	,-107.500000	,157.500000	,10.500000	,-129.500000	,191.000000	,51.000000	,137.500000	,-40.000000	,-231.500000	,-299.000000	,-526.000000	,-177.500000	,55.500000	,232.000000	,-382.000000	,-128.000000	,-139.500000	,151.000000	,10.000000	,-345.000000	,22.000000	,71.000000	,256.000000	,348.500000	,136.000000	,297.000000	,201.500000	,735.000000	,458.500000	,381.000000	,-1.500000	,71.500000	,-36.000000	,-195.500000	,135.500000	,231.500000	,142.500000	,-200.000000	,-9.000000	,139.500000	,100.500000	,-177.000000	,112.000000	,-221.000000	,-186.500000	,-389.000000	,-253.500000	,36.000000	,-151.500000	,77.500000	,-193.000000	,-210.500000	,-417.000000	,-151.500000	,-36.000000	,420.000000	,302.500000	,-43.000000	,-153.000000	,226.500000	,-144.500000	,278.500000	,-321.000000	,-6.500000	,-127.500000	,-37.500000	,62.000000	,-108.000000	,269.000000	,-270.000000	,4.500000	,-254.000000	,143.000000	,230.500000	,572.500000	,253.000000	,63.000000	,9.000000	,14.500000	,365.500000	,239.000000	,-2.500000	,-108.000000	,-132.000000	,-198.500000	,-46.000000	,-270.000000	,274.500000	,178.500000	,141.000000	,-178.500000	,-282.000000	,-30.000000	,-46.500000	,-154.500000	,-153.500000	,60.000000	,27.000000	,-55.000000	,-33.500000	,-300.500000	,-15.500000	,-76.500000	,138.500000	,138.500000	,75.500000	,-255.000000	,-172.500000	,84.500000	,204.000000	,277.000000	,69.500000	,-149.000000	,-64.000000	,
99.000000	,137.500000	,-179.500000	,-58.500000	,-36.000000	,-240.000000	,-166.500000	,-142.500000	,22.500000	,-9.000000	,-88.500000	,-162.000000	,49.500000	,294.000000	,419.000000	,354.000000	,3.000000	,11.000000	,-92.000000	,-84.500000	,-213.000000	,-627.000000	,-598.500000	,-78.500000	,246.500000	,540.500000	,401.000000	,156.500000	,-34.000000	,-321.000000	,-478.000000	,-231.000000	,-441.500000	,72.500000	,72.500000	,193.500000	,270.000000	,146.500000	,263.500000	,377.000000	,466.000000	,458.000000	,211.500000	,-8.000000	,216.000000	,-175.500000	,-135.500000	,70.500000	,120.000000	,477.500000	,30.500000	,179.500000	,-53.500000	,44.000000	,220.500000	,367.000000	,645.500000	,59.000000	,181.500000	,-91.500000	,310.000000	,374.000000	,336.500000	,423.000000	,-292.000000	,-476.500000	,-383.000000	,-192.500000	,-260.500000	,-533.000000	,-343.000000	,-333.000000	,335.000000	,237.000000	,153.000000	,-194.500000	,-398.500000	,-282.000000	,-297.000000	,-196.000000	,-186.000000	,-58.000000	,288.000000	,407.500000	,-148.000000	,-173.500000	,-563.000000	,137.500000	,-112.000000	,229.000000	,94.500000	,32.500000	,-98.000000	,-163.500000	,-21.500000	,38.500000	,172.000000	,-8.000000	,-24.000000	,-68.500000	,-350.000000	,-329.000000	,-841.000000	,-418.000000	,-320.500000	,489.000000	,480.000000	,548.500000	,469.500000	,40.000000	,292.500000	,-113.000000	,-202.500000	,-523.000000	,-383.000000	,43.500000	,196.500000	,-31.500000	,-219.500000	,-235.500000	,97.500000	,-108.000000	,31.500000	,-242.000000	,-323.500000	,-120.500000	,-109.500000	,157.000000	,25.000000	,213.000000	,95.500000	,-68.000000	,-470.000000	,-330.000000	,-4.500000	,234.500000	,329.500000	,312.500000	,362.000000	,292.000000	,8.500000	,-341.500000	,-172.500000	,-397.000000	,-365.000000	,-437.000000	,-660.000000	,-158.000000	,-151.500000	,480.000000	,590.500000	,363.500000	,492.500000	,384.000000	,257.000000	,-185.000000	,-224.000000	,-390.500000	,-562.500000	,-322.000000	,-436.000000	,-445.000000	,-342.500000	,-410.000000	,20.000000	,166.000000	,190.000000	,16.000000	,-124.000000	,-42.500000	,-24.000000	,-169.000000	,118.000000	,120.000000	,98.000000	,-62.000000	,44.000000	,-439.000000	,-514.000000	,-588.000000	,-68.000000	,-21.500000	,138.000000	,115.000000	,-238.500000	,-165.500000	,-66.000000	,303.000000	,250.500000	,226.500000	,-51.500000	,178.000000	,25.000000	,162.000000	,-238.000000	,-373.000000	,-317.500000	,189.500000	,356.500000	,598.000000	,85.000000	,-93.000000	,-168.000000	,-1.500000	,129.000000	,147.500000	,261.000000	,161.000000	,339.500000	,662.500000	,441.500000	,34.500000	,-304.500000	,-372.500000	,-263.500000	,-425.500000	,-693.000000	,-745.500000	,-302.500000	,-104.500000	,215.500000	,73.000000	,304.000000	,-98.500000	,95.500000	,205.000000	,377.500000	,205.500000	,100.500000	,-50.000000	,-143.500000	,-254.500000	,-62.500000	,-160.000000	,8.000000	,-150.500000	,-52.500000	,-48.000000	,267.000000	,203.000000	,
31.000000	,84.500000	,230.000000	,192.500000	,-5.500000	,38.500000	,-83.500000	,35.000000	,0.000000	,-9.000000	,-79.500000	,113.500000	,-21.500000	,92.500000	,-34.500000	,35.500000	,55.000000	,33.000000	,-53.000000	,42.500000	,-273.000000	,-756.500000	,-797.000000	,-1054.000000	,-396.000000	,76.000000	,13.000000	,248.000000	,-169.500000	,-114.500000	,-231.500000	,-33.500000	,-84.500000	,107.000000	,-88.000000	,-123.500000	,17.000000	,290.500000	,-27.000000	,-16.000000	,-309.500000	,23.000000	,381.500000	,691.000000	,331.500000	,28.500000	,-264.500000	,-243.500000	,-414.000000	,-314.500000	,-213.000000	,-33.000000	,-271.500000	,-462.000000	,-232.500000	,20.000000	,174.500000	,-33.500000	,287.500000	,371.000000	,132.000000	,-135.500000	,-22.500000	,330.500000	,832.000000	,347.000000	,151.000000	,-3.000000	,-183.000000	,-80.000000	,-7.500000	,187.000000	,5.000000	,47.500000	,12.500000	,31.500000	,-26.000000	,-254.000000	,-149.500000	,-177.500000	,-307.500000	,-30.500000	,115.500000	,335.000000	,173.500000	,141.000000	,298.500000	,96.500000	,-335.500000	,-451.000000	,-112.000000	,-260.500000	,-238.500000	,-339.000000	,-57.000000	,48.000000	,68.500000	,-33.000000	,-399.000000	,157.000000	,51.500000	,544.500000	,306.500000	,-63.000000	,-169.500000	,-310.500000	,-167.500000	,-249.000000	,-325.000000	,-344.500000	,-337.500000	,-209.500000	,107.000000	,431.000000	,587.000000	,186.000000	,183.000000	,-36.500000	,5.500000	,167.500000	,166.500000	,633.500000	,168.000000	,311.500000	,-98.000000	,-169.500000	,-196.500000	,-365.000000	,-193.500000	,-139.500000	,145.000000	,208.000000	,643.000000	,609.000000	,337.000000	,179.500000	,332.000000	,89.000000	,174.000000	,-315.500000	,139.000000	,327.000000	,382.500000	,25.000000	,76.000000	,-213.500000	,79.500000	,-97.000000	,125.500000	,99.500000	,19.000000	,-167.500000	,236.000000	,-213.500000	,21.000000	,11.500000	,28.000000	,153.500000	,1.500000	,242.500000	,288.500000	,132.000000	,364.500000	,439.000000	,359.000000	,-13.500000	,57.500000	,-106.000000	,-195.500000	,64.000000	,-155.500000	,71.500000	,-328.500000	,-222.000000	,-89.500000	,-409.000000	,-803.000000	,-667.500000	,-476.500000	,-83.500000	,-187.500000	,-263.500000	,-523.500000	,154.000000	,131.000000	,62.500000	,-245.000000	,-418.500000	,-195.500000	,-187.000000	,47.500000	,-86.000000	,-180.000000	,25.500000	,-141.000000	,160.500000	,82.500000	,238.500000	,-224.500000	,-435.000000	,-694.000000	,-234.000000	,-102.500000	,-25.500000	,164.000000	,35.000000	,-123.500000	,-238.500000	,-141.000000	,-19.500000	,-19.500000	,4.000000	,365.500000	,168.000000	,232.000000	,-42.000000	,-685.500000	,-541.000000	,-804.000000	,-83.000000	,-35.000000	,201.000000	,127.500000	,90.000000	,2.500000	,-99.000000	,42.000000	,-10.500000	,-103.500000	,-51.000000	,-366.000000	,-1.500000	,-264.000000	,186.000000	,-27.000000	,192.500000	,8.000000	,60.500000	,-30.000000	,-64.000000	,
-64.000000	,92.500000	,62.500000	,20.500000	,15.000000	,232.500000	,195.000000	,100.500000	,-102.000000	,-127.500000	,54.500000	,107.000000	,164.000000	,62.500000	,66.500000	,20.500000	,95.500000	,-10.500000	,69.000000	,3.000000	,-286.000000	,-198.000000	,-517.000000	,-760.500000	,-1060.000000	,-1138.000000	,-445.500000	,-277.000000	,269.500000	,507.500000	,404.000000	,353.500000	,-25.500000	,-102.000000	,-242.000000	,-177.000000	,105.000000	,172.000000	,348.000000	,-185.500000	,-91.000000	,-157.000000	,80.000000	,156.500000	,-13.500000	,-114.000000	,62.500000	,211.500000	,79.000000	,166.500000	,141.500000	,-227.000000	,-186.000000	,-163.000000	,167.000000	,240.000000	,-39.000000	,107.000000	,43.500000	,124.500000	,5.500000	,156.000000	,251.000000	,726.500000	,672.000000	,731.000000	,245.000000	,9.000000	,35.000000	,261.500000	,582.000000	,523.000000	,85.000000	,192.500000	,141.000000	,394.500000	,163.500000	,314.000000	,343.000000	,247.500000	,384.500000	,3.500000	,-119.000000	,60.000000	,206.500000	,355.500000	,-114.000000	,-415.500000	,-343.000000	,-230.000000	,109.000000	,-119.500000	,55.000000	,-198.500000	,19.500000	,80.000000	,254.000000	,429.000000	,262.500000	,282.000000	,78.000000	,196.000000	,567.000000	,601.000000	,728.000000	,298.500000	,149.500000	,-198.000000	,-72.500000	,127.000000	,-186.500000	,-388.000000	,-11.500000	,135.000000	,32.500000	,-494.500000	,-677.000000	,-193.000000	,-248.000000	,204.500000	,-81.000000	,51.000000	,-279.500000	,-38.500000	,148.000000	,61.000000	,379.500000	,264.500000	,168.000000	,15.000000	,-68.500000	,-102.000000	,206.500000	,252.000000	,-236.500000	,-397.000000	,-279.000000	,268.500000	,-1.000000	,111.500000	,152.500000	,2.000000	,43.500000	,-125.000000	,220.500000	,291.000000	,245.500000	,-101.000000	,-184.500000	,-291.000000	,-222.500000	,241.000000	,257.500000	,129.500000	,-80.000000	,102.000000	,63.500000	,314.000000	,160.500000	,409.000000	,93.500000	,121.000000	,-47.000000	,81.500000	,-7.000000	,104.500000	,-166.000000	,-116.500000	,-271.500000	,-212.500000	,-220.500000	,-52.000000	,-216.500000	,-30.000000	,90.500000	,-367.000000	,-442.500000	,-416.000000	,-134.500000	,33.500000	,240.500000	,378.500000	,213.000000	,302.500000	,538.500000	,304.500000	,1.500000	,-11.500000	,-166.500000	,203.000000	,288.500000	,443.000000	,233.000000	,-124.000000	,-99.000000	,-267.500000	,22.500000	,-47.000000	,219.500000	,239.500000	,201.500000	,148.500000	,447.000000	,78.500000	,-103.000000	,-547.500000	,-257.000000	,-29.000000	,-158.500000	,-268.500000	,-561.500000	,-307.000000	,57.000000	,77.500000	,108.500000	,280.000000	,363.500000	,712.500000	,191.000000	,131.500000	,-155.500000	,-50.500000	,-259.500000	,165.000000	,7.500000	,115.500000	,-204.000000	,-47.500000	,64.500000	,127.000000	,176.500000	,178.500000	,273.000000	,22.000000	,150.000000	,77.000000	,-80.500000	,-138.000000	,-174.500000	,-81.000000	,
-143.500000	,-79.500000	,50.000000	,170.000000	,342.000000	,280.000000	,149.500000	,-147.000000	,-216.000000	,-253.500000	,-141.000000	,-40.500000	,47.500000	,47.500000	,97.500000	,83.000000	,125.000000	,-30.000000	,1.500000	,-102.000000	,-504.000000	,-185.500000	,-265.000000	,86.500000	,-519.000000	,-749.500000	,-760.500000	,-753.000000	,-318.500000	,-294.000000	,-199.000000	,-188.500000	,-189.000000	,117.000000	,225.000000	,106.500000	,-408.000000	,-72.000000	,-156.500000	,68.500000	,98.500000	,-18.000000	,9.000000	,54.500000	,33.500000	,220.500000	,70.000000	,23.500000	,129.000000	,214.500000	,-31.500000	,-151.500000	,81.000000	,297.500000	,140.000000	,-277.000000	,-190.500000	,-613.500000	,-87.000000	,-401.000000	,-140.500000	,181.500000	,122.500000	,90.000000	,220.000000	,272.500000	,675.000000	,409.500000	,284.000000	,117.500000	,44.500000	,-323.000000	,-231.500000	,-423.000000	,-308.500000	,-263.000000	,-116.500000	,-157.500000	,-58.000000	,188.500000	,37.500000	,-131.500000	,-392.500000	,-286.000000	,-151.500000	,361.500000	,117.000000	,56.000000	,-192.000000	,-342.000000	,-283.000000	,69.500000	,265.500000	,360.500000	,181.500000	,-66.000000	,23.500000	,-72.500000	,511.000000	,215.000000	,514.000000	,123.000000	,19.000000	,-177.000000	,-16.000000	,289.000000	,389.000000	,534.000000	,280.000000	,193.500000	,22.500000	,58.500000	,-121.000000	,-270.500000	,-178.500000	,112.500000	,279.500000	,41.000000	,42.500000	,104.500000	,-138.000000	,-252.500000	,-196.500000	,-300.500000	,180.000000	,397.500000	,613.000000	,388.000000	,393.500000	,252.500000	,-10.500000	,-226.500000	,-474.000000	,-573.000000	,-576.500000	,-359.000000	,-415.500000	,-632.000000	,-388.000000	,-192.500000	,-66.500000	,-9.500000	,-337.500000	,22.000000	,177.000000	,306.500000	,126.000000	,-89.500000	,-382.000000	,-643.500000	,-219.500000	,405.000000	,676.500000	,547.000000	,-28.000000	,-27.000000	,44.500000	,98.000000	,32.500000	,-158.000000	,47.000000	,246.500000	,163.500000	,-196.000000	,-318.500000	,-340.000000	,-148.000000	,134.000000	,244.000000	,158.000000	,59.500000	,315.500000	,455.000000	,229.500000	,-431.500000	,-678.500000	,-785.000000	,-477.000000	,-551.000000	,-185.500000	,-78.500000	,-184.000000	,190.000000	,-202.500000	,170.000000	,-139.000000	,-310.500000	,-64.500000	,81.500000	,186.500000	,-1.000000	,260.500000	,-20.500000	,190.500000	,-394.500000	,-8.500000	,-160.000000	,-237.500000	,-192.000000	,-43.500000	,-53.000000	,-52.500000	,-143.000000	,264.500000	,12.500000	,195.500000	,68.500000	,102.500000	,-28.000000	,163.500000	,-0.500000	,166.000000	,-290.000000	,33.500000	,-123.000000	,579.500000	,906.000000	,804.500000	,675.500000	,-35.500000	,-6.500000	,-1.000000	,130.500000	,157.000000	,300.000000	,71.000000	,117.000000	,-50.000000	,76.000000	,-3.000000	,262.500000	,211.500000	,265.500000	,117.000000	,-109.500000	,-75.000000	,-191.000000	,-15.500000	,-140.000000	,-64.000000	,
-140.500000	,-274.500000	,-195.000000	,-118.500000	,-8.000000	,-30.500000	,-21.500000	,-28.500000	,68.000000	,153.500000	,57.500000	,-15.000000	,-73.500000	,-99.000000	,-25.500000	,25.000000	,20.500000	,73.500000	,19.500000	,-80.000000	,-200.000000	,-26.500000	,-289.000000	,-168.500000	,-401.500000	,16.500000	,-725.500000	,-965.000000	,-1286.500000	,-1085.500000	,-63.500000	,-37.500000	,245.000000	,-115.500000	,417.000000	,210.000000	,169.500000	,11.500000	,-7.000000	,46.000000	,171.000000	,27.000000	,-89.500000	,69.000000	,-448.500000	,-13.500000	,-298.000000	,37.500000	,-20.000000	,-86.000000	,-87.500000	,-49.500000	,402.000000	,191.000000	,-77.000000	,-246.000000	,-22.500000	,61.000000	,17.500000	,461.000000	,21.000000	,194.000000	,-124.000000	,278.500000	,185.000000	,696.000000	,662.500000	,598.000000	,118.000000	,-406.000000	,-503.500000	,-142.500000	,122.500000	,367.500000	,145.500000	,217.500000	,134.500000	,-105.500000	,-123.500000	,111.500000	,8.500000	,241.000000	,-20.500000	,-135.000000	,-160.500000	,-107.000000	,470.500000	,91.000000	,-69.500000	,-274.000000	,-577.500000	,81.500000	,-95.000000	,21.000000	,-240.000000	,-179.000000	,-129.500000	,-200.000000	,-202.500000	,-77.500000	,-17.500000	,-146.500000	,-448.500000	,-346.500000	,-70.000000	,37.500000	,10.000000	,-227.000000	,-100.000000	,-89.500000	,429.000000	,148.500000	,157.000000	,-219.500000	,-97.000000	,358.500000	,76.000000	,223.000000	,41.500000	,237.500000	,80.000000	,-108.500000	,69.500000	,-218.000000	,-182.500000	,-256.000000	,-133.500000	,-6.500000	,-185.000000	,-311.000000	,-260.500000	,206.000000	,135.500000	,167.500000	,-18.000000	,160.000000	,153.000000	,-27.500000	,75.500000	,-114.000000	,-315.500000	,-167.000000	,-51.000000	,-23.000000	,-53.500000	,-27.000000	,-43.000000	,245.000000	,130.500000	,548.000000	,382.500000	,319.000000	,-58.500000	,-55.000000	,135.500000	,91.500000	,-81.000000	,-255.000000	,-371.000000	,-207.500000	,-209.000000	,7.000000	,-162.000000	,-118.500000	,-169.500000	,-310.500000	,-3.000000	,-218.500000	,178.500000	,16.000000	,271.000000	,62.000000	,-162.500000	,-818.500000	,-503.500000	,-337.000000	,341.000000	,208.500000	,249.000000	,-43.500000	,-270.500000	,-502.000000	,-381.500000	,-451.000000	,-461.000000	,-227.500000	,-85.500000	,-139.500000	,36.500000	,-187.000000	,-263.500000	,-695.500000	,-510.000000	,-126.500000	,67.000000	,295.000000	,101.500000	,-64.000000	,-413.000000	,-513.500000	,16.500000	,39.000000	,-265.000000	,-101.000000	,-161.500000	,190.000000	,193.500000	,-168.000000	,-254.000000	,-233.000000	,-38.000000	,402.500000	,615.000000	,821.500000	,707.000000	,801.000000	,416.000000	,-53.000000	,-350.000000	,-45.500000	,148.500000	,360.000000	,136.500000	,-67.500000	,-97.500000	,102.000000	,128.500000	,70.000000	,-111.500000	,-49.000000	,-38.500000	,25.000000	,44.000000	,149.000000	,29.500000	,-98.000000	,153.000000	,182.000000	,283.000000	,-11.000000	,
-227.000000	,-205.000000	,-177.000000	,-157.500000	,-64.500000	,-118.500000	,-157.500000	,-145.000000	,70.000000	,67.000000	,102.500000	,-162.000000	,-72.000000	,-178.500000	,-114.000000	,-159.000000	,-136.500000	,-42.500000	,-76.000000	,-426.000000	,-192.000000	,-112.000000	,311.500000	,37.500000	,79.500000	,-56.500000	,325.500000	,-25.500000	,-283.000000	,-667.000000	,-881.500000	,-333.000000	,-183.000000	,-24.000000	,-117.500000	,4.500000	,134.000000	,167.000000	,210.500000	,37.500000	,118.000000	,-59.000000	,-79.500000	,-85.000000	,265.000000	,20.000000	,278.000000	,175.500000	,206.500000	,48.500000	,277.500000	,46.500000	,33.000000	,-272.500000	,-507.500000	,-271.000000	,-127.500000	,357.500000	,394.500000	,224.000000	,237.500000	,53.500000	,175.500000	,105.000000	,96.000000	,-265.000000	,-92.500000	,149.500000	,351.000000	,229.000000	,142.500000	,382.500000	,531.000000	,103.500000	,78.000000	,-3.000000	,97.500000	,78.500000	,-399.000000	,-333.500000	,-117.500000	,103.000000	,337.500000	,342.500000	,475.500000	,245.500000	,144.500000	,-218.000000	,-15.000000	,-339.500000	,-543.500000	,-224.000000	,64.000000	,217.000000	,276.000000	,141.000000	,115.000000	,-16.000000	,-203.000000	,-323.500000	,-157.000000	,-119.500000	,168.000000	,410.500000	,460.000000	,278.000000	,320.500000	,113.000000	,62.500000	,-29.000000	,-156.000000	,-230.000000	,-376.500000	,-273.000000	,-161.000000	,-473.500000	,-175.500000	,-157.000000	,424.500000	,244.500000	,134.500000	,31.500000	,23.000000	,455.500000	,172.000000	,-17.000000	,-37.500000	,-324.000000	,-251.000000	,-24.500000	,101.000000	,237.500000	,168.500000	,177.000000	,102.500000	,-112.500000	,-222.500000	,-97.000000	,-81.000000	,-38.000000	,-396.500000	,-271.500000	,-36.000000	,295.500000	,106.000000	,-196.000000	,-71.500000	,174.000000	,309.500000	,429.500000	,620.500000	,760.500000	,385.000000	,-142.500000	,154.000000	,-219.500000	,-148.500000	,-277.000000	,8.000000	,244.500000	,87.000000	,-82.000000	,-198.000000	,97.500000	,115.500000	,422.500000	,312.500000	,93.500000	,90.000000	,93.000000	,-50.000000	,-381.000000	,-919.000000	,-906.000000	,-688.000000	,-251.500000	,405.000000	,310.000000	,463.000000	,-22.000000	,-76.000000	,-83.500000	,83.000000	,48.500000	,312.500000	,214.500000	,298.000000	,383.500000	,292.000000	,79.500000	,-50.500000	,-351.000000	,-110.500000	,96.000000	,573.000000	,203.500000	,104.500000	,-17.000000	,132.000000	,79.500000	,107.500000	,54.000000	,45.000000	,-508.500000	,-332.000000	,-450.500000	,274.500000	,98.500000	,53.000000	,-137.500000	,66.500000	,552.000000	,1131.000000	,1085.000000	,693.000000	,144.500000	,-194.500000	,-362.500000	,-513.500000	,-299.000000	,-199.000000	,-17.000000	,-114.500000	,-46.500000	,-117.000000	,-26.000000	,15.500000	,-77.500000	,-38.000000	,-61.000000	,-131.500000	,-2.500000	,-165.000000	,-46.500000	,-55.500000	,125.000000	,57.500000	,29.000000	,-55.500000	,-115.000000	,
2.000000	,167.500000	,224.500000	,197.500000	,-31.000000	,-148.000000	,-160.000000	,-475.500000	,-205.500000	,-144.000000	,-22.500000	,58.000000	,62.500000	,25.500000	,-124.000000	,67.500000	,-24.000000	,-57.000000	,-275.000000	,-519.000000	,-164.000000	,80.000000	,306.000000	,409.500000	,437.500000	,420.500000	,479.000000	,407.500000	,100.500000	,-328.000000	,-747.000000	,-617.500000	,-270.500000	,255.000000	,49.500000	,-126.500000	,-191.000000	,-340.500000	,-340.500000	,189.500000	,40.500000	,168.000000	,-156.000000	,31.000000	,180.500000	,18.000000	,266.000000	,202.500000	,152.500000	,257.000000	,186.500000	,172.500000	,-278.000000	,-43.000000	,111.000000	,117.000000	,56.000000	,39.500000	,231.000000	,-71.000000	,-14.500000	,-65.000000	,-221.000000	,-325.000000	,-125.000000	,30.500000	,368.500000	,578.000000	,845.500000	,896.000000	,310.000000	,-349.500000	,-561.000000	,-670.500000	,-101.000000	,-36.500000	,539.000000	,-106.000000	,-81.000000	,-305.500000	,2.000000	,-26.000000	,-153.000000	,-222.500000	,-204.000000	,-285.000000	,-399.500000	,-250.500000	,-193.000000	,-440.500000	,-636.000000	,-646.500000	,-251.000000	,-140.500000	,-60.000000	,-127.500000	,-4.000000	,-83.500000	,137.500000	,94.500000	,105.000000	,-10.500000	,-24.500000	,127.500000	,28.000000	,561.000000	,549.000000	,634.000000	,74.500000	,6.000000	,-255.000000	,-8.000000	,190.000000	,445.500000	,62.000000	,157.000000	,-170.500000	,126.500000	,-96.500000	,65.000000	,-107.500000	,192.000000	,271.000000	,295.000000	,-16.500000	,-210.000000	,-392.000000	,-368.500000	,-412.500000	,177.000000	,166.000000	,238.500000	,-67.000000	,37.000000	,-143.500000	,-160.000000	,-391.000000	,-436.000000	,-177.000000	,181.500000	,364.500000	,197.000000	,146.500000	,69.000000	,-44.000000	,113.000000	,79.500000	,157.500000	,37.000000	,145.000000	,8.500000	,348.000000	,130.000000	,365.500000	,106.500000	,92.000000	,-35.500000	,-321.500000	,-55.000000	,-239.000000	,33.500000	,-42.500000	,268.500000	,-276.000000	,87.500000	,-106.500000	,-7.500000	,-74.000000	,-141.000000	,-256.500000	,-625.000000	,-879.500000	,-694.000000	,-66.500000	,55.500000	,151.500000	,189.500000	,-125.000000	,-116.500000	,-205.000000	,-37.500000	,272.500000	,141.000000	,96.500000	,100.500000	,59.000000	,40.500000	,-241.500000	,87.500000	,29.000000	,200.500000	,377.000000	,153.000000	,243.000000	,177.500000	,61.000000	,-187.500000	,-262.500000	,-15.000000	,309.000000	,243.000000	,-0.500000	,0.500000	,70.000000	,-125.500000	,-22.000000	,-24.000000	,238.000000	,553.000000	,601.500000	,1098.000000	,668.500000	,566.000000	,191.500000	,-46.000000	,11.500000	,26.500000	,31.000000	,-70.500000	,68.500000	,-187.000000	,-46.500000	,134.000000	,87.500000	,140.000000	,-4.500000	,-68.000000	,23.500000	,-16.000000	,25.000000	,167.000000	,-39.500000	,16.000000	,-166.500000	,-6.000000	,7.500000	,-55.500000	,-135.000000	,-120.000000	,-172.000000	,
226.000000	,278.000000	,80.500000	,5.000000	,-98.500000	,117.500000	,-196.000000	,308.500000	,-72.000000	,143.000000	,-216.000000	,-253.000000	,-339.000000	,-106.000000	,-23.000000	,92.500000	,80.000000	,-74.000000	,-516.500000	,-473.000000	,-853.500000	,-473.500000	,-165.500000	,-118.500000	,-41.000000	,-1.500000	,-431.000000	,-282.500000	,-333.000000	,196.500000	,31.000000	,-265.000000	,-929.000000	,-864.000000	,-1205.500000	,-382.000000	,-228.500000	,142.000000	,-119.500000	,-187.000000	,63.000000	,163.000000	,219.500000	,157.000000	,-165.000000	,-351.000000	,-359.000000	,-149.000000	,-293.000000	,-31.000000	,-280.500000	,-64.500000	,-45.000000	,13.500000	,129.500000	,437.000000	,105.000000	,-119.500000	,-400.500000	,-273.000000	,3.000000	,190.000000	,64.500000	,46.000000	,-33.500000	,307.500000	,99.500000	,286.500000	,322.500000	,482.500000	,695.500000	,70.500000	,-31.000000	,64.500000	,-230.500000	,-40.500000	,137.000000	,446.500000	,369.000000	,38.000000	,-80.500000	,-30.500000	,-100.500000	,-124.000000	,-8.500000	,3.500000	,-176.500000	,65.000000	,112.000000	,414.000000	,148.500000	,175.000000	,-243.500000	,-101.000000	,-80.500000	,-42.500000	,-65.000000	,-45.000000	,-102.500000	,-126.500000	,-217.500000	,-210.500000	,206.500000	,84.500000	,86.500000	,33.500000	,-160.500000	,158.500000	,-6.000000	,217.500000	,288.500000	,347.000000	,276.500000	,112.500000	,13.500000	,119.500000	,328.500000	,-29.000000	,138.000000	,-283.500000	,132.500000	,111.000000	,405.500000	,306.500000	,-21.000000	,-316.500000	,-271.500000	,-254.500000	,102.500000	,-160.000000	,-41.500000	,-263.500000	,-114.500000	,-625.000000	,-659.500000	,-853.500000	,-252.000000	,-140.500000	,177.500000	,-16.000000	,177.500000	,237.000000	,-189.500000	,-327.500000	,-395.500000	,10.500000	,53.500000	,-78.000000	,-108.500000	,164.500000	,100.500000	,-205.500000	,-303.000000	,-667.000000	,-284.500000	,-174.500000	,222.500000	,635.000000	,257.500000	,6.500000	,-230.500000	,-418.500000	,-262.000000	,-47.500000	,-210.000000	,-171.500000	,-132.000000	,6.500000	,236.500000	,38.000000	,-34.000000	,-278.500000	,-7.000000	,218.000000	,318.500000	,237.500000	,-184.500000	,45.000000	,16.500000	,244.000000	,97.000000	,-172.500000	,-48.000000	,-88.000000	,20.000000	,-112.500000	,64.500000	,-121.000000	,-235.500000	,66.000000	,-274.500000	,122.000000	,-374.500000	,-243.500000	,-606.500000	,-215.500000	,-107.500000	,106.000000	,16.000000	,-10.000000	,-84.500000	,-50.500000	,-17.000000	,226.000000	,190.500000	,-154.500000	,-224.500000	,242.000000	,963.500000	,1062.500000	,644.500000	,196.000000	,-459.000000	,-318.500000	,-421.500000	,-151.000000	,132.500000	,133.500000	,297.000000	,216.000000	,126.000000	,-150.000000	,-100.500000	,17.500000	,-44.000000	,5.500000	,2.500000	,-35.000000	,-80.000000	,-64.000000	,-157.000000	,-197.500000	,-62.000000	,-83.000000	,-104.000000	,-15.000000	,-168.000000	,64.000000	,-116.000000	,-94.500000	,
-215.500000	,-136.500000	,-181.500000	,-166.500000	,-92.500000	,-14.500000	,147.000000	,212.500000	,110.500000	,-249.000000	,-243.000000	,-277.500000	,-273.500000	,-32.000000	,-81.500000	,-82.500000	,-82.500000	,-346.000000	,-373.500000	,-200.500000	,-104.500000	,37.000000	,-50.000000	,-199.500000	,-248.000000	,-393.500000	,-214.500000	,-7.500000	,163.000000	,92.500000	,-301.000000	,-334.000000	,-231.000000	,-654.000000	,-556.500000	,-772.000000	,-525.500000	,-88.500000	,-154.500000	,-341.500000	,-592.000000	,-206.500000	,-363.000000	,-569.000000	,-654.500000	,-622.500000	,-541.500000	,-462.000000	,-468.000000	,-214.500000	,-385.500000	,104.000000	,-114.000000	,294.500000	,55.000000	,-244.500000	,-286.500000	,-415.000000	,-229.000000	,-145.500000	,-227.000000	,-127.000000	,42.500000	,73.500000	,-176.500000	,-194.500000	,-345.000000	,135.500000	,69.500000	,728.000000	,545.500000	,702.500000	,83.500000	,85.500000	,156.000000	,-5.000000	,-495.000000	,-212.500000	,-124.500000	,-302.500000	,-249.500000	,-3.000000	,301.000000	,258.000000	,231.500000	,-121.500000	,-136.500000	,-129.000000	,-5.000000	,-120.500000	,53.500000	,-166.500000	,-240.500000	,-360.500000	,-49.500000	,-290.000000	,-143.500000	,118.000000	,304.000000	,267.000000	,50.500000	,208.500000	,88.000000	,-95.500000	,-165.000000	,-327.000000	,-109.500000	,356.000000	,178.000000	,-74.000000	,-154.500000	,-368.000000	,-384.500000	,-348.500000	,42.000000	,164.500000	,-21.000000	,-15.500000	,-23.000000	,178.500000	,77.000000	,-40.500000	,-101.500000	,-551.000000	,-219.000000	,-101.500000	,707.500000	,535.500000	,640.000000	,-105.500000	,-419.000000	,-798.000000	,-834.500000	,-724.000000	,-396.000000	,-178.000000	,79.000000	,250.500000	,-30.500000	,-237.000000	,-324.000000	,-467.000000	,-456.000000	,-362.000000	,-6.500000	,-74.000000	,-339.000000	,-103.500000	,350.500000	,306.000000	,386.000000	,-247.500000	,-61.000000	,-313.500000	,21.000000	,82.500000	,225.000000	,-103.500000	,-85.000000	,-178.500000	,-87.000000	,62.000000	,151.000000	,423.000000	,-36.500000	,-77.500000	,-152.000000	,193.000000	,-154.500000	,-598.000000	,-559.500000	,-268.500000	,-44.500000	,82.000000	,-153.500000	,-235.500000	,-255.500000	,-276.500000	,-154.000000	,75.500000	,185.000000	,60.000000	,6.500000	,32.500000	,-293.500000	,-142.000000	,-272.000000	,155.000000	,129.500000	,372.500000	,69.000000	,116.500000	,38.000000	,16.000000	,-105.000000	,19.000000	,340.500000	,426.000000	,373.000000	,142.000000	,-289.500000	,-174.500000	,-20.500000	,475.500000	,583.000000	,979.000000	,1008.500000	,1165.000000	,665.000000	,173.500000	,-518.000000	,-221.000000	,-25.500000	,216.000000	,262.000000	,24.500000	,-297.500000	,-29.500000	,-153.000000	,-294.000000	,-383.000000	,-252.500000	,-236.000000	,-56.000000	,-16.500000	,-27.000000	,65.000000	,199.000000	,332.500000	,289.000000	,-23.500000	,214.500000	,91.500000	,136.500000	,84.000000	,41.500000	,214.000000	,6.500000	,-60.500000	,-69.000000	,
61.000000	,20.500000	,86.500000	,52.000000	,47.000000	,126.500000	,212.500000	,119.500000	,129.500000	,144.000000	,414.500000	,633.500000	,593.000000	,373.500000	,136.500000	,-19.000000	,-95.500000	,-594.500000	,-543.000000	,-334.500000	,128.000000	,252.500000	,-59.000000	,-197.500000	,-83.000000	,-120.000000	,135.000000	,241.000000	,509.000000	,70.000000	,11.500000	,-182.500000	,54.500000	,47.500000	,330.500000	,-7.500000	,-203.000000	,-745.000000	,-308.500000	,-293.500000	,38.000000	,-220.000000	,-82.000000	,215.000000	,529.500000	,516.000000	,472.500000	,-111.500000	,-301.500000	,-316.000000	,-121.500000	,82.000000	,148.500000	,-124.500000	,-104.500000	,164.500000	,178.500000	,-3.000000	,109.000000	,202.000000	,-14.500000	,-62.000000	,-39.000000	,-66.000000	,192.000000	,181.500000	,298.000000	,308.000000	,109.000000	,38.500000	,316.000000	,562.000000	,493.000000	,208.000000	,-16.000000	,-59.500000	,-306.500000	,-403.000000	,-282.000000	,-108.000000	,42.500000	,-87.000000	,-54.500000	,-178.000000	,-21.500000	,-130.500000	,11.000000	,-119.000000	,-104.500000	,-479.500000	,-241.000000	,-563.500000	,-211.000000	,-395.000000	,-19.500000	,-435.500000	,-163.500000	,-286.500000	,70.000000	,10.000000	,14.500000	,18.500000	,-359.500000	,48.500000	,-225.500000	,-205.000000	,-1.500000	,123.000000	,98.000000	,69.500000	,-153.000000	,46.000000	,-137.000000	,274.500000	,110.000000	,1.500000	,-247.500000	,5.500000	,-107.500000	,158.000000	,-424.000000	,141.500000	,-341.500000	,-110.000000	,-169.500000	,-88.500000	,-20.000000	,18.500000	,-139.500000	,162.500000	,143.000000	,200.000000	,-117.000000	,-204.000000	,22.000000	,173.500000	,65.500000	,86.500000	,-23.500000	,48.000000	,129.500000	,135.000000	,241.500000	,396.500000	,419.000000	,-25.000000	,-128.500000	,-58.000000	,516.500000	,326.000000	,-22.500000	,42.000000	,140.500000	,776.500000	,431.000000	,393.500000	,-170.500000	,-256.500000	,-30.000000	,42.500000	,170.000000	,-92.000000	,-237.500000	,-233.500000	,-122.500000	,-20.000000	,-170.000000	,17.000000	,-945.500000	,-640.000000	,-845.000000	,-371.000000	,-409.500000	,-362.000000	,-131.000000	,317.500000	,260.000000	,276.000000	,80.500000	,-68.000000	,171.000000	,135.000000	,-219.000000	,-140.000000	,-126.000000	,-96.500000	,-162.000000	,-140.500000	,191.000000	,131.000000	,14.000000	,-152.500000	,-4.500000	,-23.000000	,-149.500000	,-56.500000	,175.500000	,177.500000	,141.500000	,103.500000	,-58.000000	,77.000000	,-206.500000	,258.000000	,670.000000	,649.500000	,522.000000	,-106.500000	,-115.000000	,87.000000	,333.500000	,91.500000	,152.000000	,-42.500000	,22.500000	,189.000000	,159.000000	,314.000000	,329.000000	,290.500000	,-46.500000	,22.500000	,-27.500000	,-19.500000	,3.000000	,-15.000000	,-22.500000	,10.000000	,-27.500000	,-8.000000	,131.500000	,22.000000	,-129.500000	,-372.500000	,-173.000000	,-192.500000	,-165.000000	,-67.500000	,-34.500000	,-55.000000	,
-26.500000	,81.500000	,51.500000	,141.500000	,-117.500000	,-128.000000	,-266.000000	,-195.500000	,-69.500000	,-194.500000	,-24.000000	,-176.500000	,-98.500000	,-231.000000	,-171.500000	,-391.500000	,-426.000000	,-436.000000	,4.500000	,32.000000	,102.000000	,-40.500000	,-146.500000	,-173.500000	,-230.500000	,-11.500000	,-219.000000	,-258.000000	,4.000000	,109.500000	,350.000000	,232.500000	,161.500000	,-125.000000	,-218.000000	,-261.000000	,-545.500000	,-669.500000	,-427.500000	,-520.000000	,-208.500000	,-327.500000	,24.500000	,53.000000	,406.000000	,53.000000	,-0.500000	,84.000000	,214.500000	,108.000000	,-86.000000	,24.500000	,251.500000	,132.500000	,97.500000	,101.000000	,259.000000	,208.500000	,197.500000	,-8.500000	,55.500000	,76.000000	,-13.500000	,180.500000	,55.500000	,243.500000	,359.000000	,176.000000	,36.500000	,-279.000000	,32.500000	,714.000000	,1126.000000	,977.000000	,135.000000	,-30.000000	,71.500000	,304.000000	,21.000000	,-108.000000	,157.500000	,58.000000	,-229.000000	,-443.000000	,-197.000000	,-57.000000	,98.000000	,137.000000	,-35.500000	,93.000000	,139.500000	,-91.500000	,-174.000000	,-232.500000	,-109.000000	,395.000000	,171.500000	,174.000000	,19.000000	,-94.500000	,9.000000	,-70.000000	,-279.000000	,-248.500000	,-343.000000	,-139.500000	,102.000000	,131.000000	,308.000000	,175.000000	,207.500000	,-132.000000	,-70.000000	,-215.000000	,-298.500000	,-434.000000	,-166.000000	,116.500000	,116.000000	,108.500000	,-224.500000	,-396.000000	,-171.500000	,-7.000000	,377.500000	,359.000000	,-121.500000	,42.000000	,-290.000000	,-47.500000	,41.000000	,320.500000	,168.000000	,248.500000	,27.000000	,-84.000000	,-175.000000	,171.500000	,249.500000	,270.500000	,-34.500000	,-17.000000	,222.000000	,-51.000000	,-91.500000	,-248.000000	,-7.500000	,655.000000	,378.000000	,655.500000	,251.000000	,337.000000	,228.000000	,108.500000	,-292.000000	,-479.500000	,-329.000000	,181.500000	,197.500000	,485.000000	,29.000000	,75.000000	,-187.000000	,55.000000	,456.000000	,252.500000	,177.500000	,-449.000000	,-314.000000	,-70.500000	,369.000000	,402.500000	,130.000000	,14.000000	,41.500000	,-247.000000	,-274.500000	,-180.500000	,-140.500000	,-28.000000	,108.000000	,235.000000	,701.500000	,151.000000	,50.500000	,-63.000000	,27.500000	,-52.000000	,-19.500000	,-497.500000	,163.500000	,-170.500000	,-32.500000	,-33.500000	,168.500000	,321.500000	,-107.000000	,-189.000000	,-287.500000	,-9.500000	,-7.500000	,396.500000	,326.500000	,597.000000	,257.000000	,335.000000	,243.000000	,6.000000	,62.000000	,86.000000	,302.500000	,181.500000	,-54.500000	,-84.500000	,-353.500000	,76.000000	,-39.500000	,-208.500000	,-68.500000	,120.500000	,274.000000	,222.500000	,96.500000	,-79.500000	,-52.500000	,-202.500000	,-33.000000	,-33.000000	,-21.000000	,-85.500000	,-143.000000	,-293.000000	,-144.500000	,-48.500000	,-66.500000	,47.500000	,-88.000000	,60.500000	,90.500000	,12.500000	,
-197.500000	,-79.500000	,-172.500000	,-118.500000	,-73.500000	,152.000000	,76.500000	,141.500000	,172.500000	,-200.500000	,-366.000000	,-373.500000	,-183.000000	,-202.000000	,124.500000	,23.500000	,-200.000000	,-360.000000	,-406.500000	,51.000000	,-51.000000	,-131.000000	,-34.000000	,395.000000	,486.000000	,748.500000	,378.500000	,172.500000	,-237.000000	,-165.500000	,46.000000	,-84.000000	,-357.000000	,-865.000000	,-511.000000	,-312.500000	,-86.500000	,-57.000000	,-71.500000	,-567.000000	,-789.000000	,-671.000000	,180.000000	,89.000000	,246.500000	,94.500000	,401.500000	,457.000000	,516.000000	,230.000000	,-101.500000	,-312.500000	,-250.500000	,-220.500000	,-129.000000	,-182.000000	,36.500000	,264.000000	,113.000000	,-130.500000	,-354.500000	,-250.500000	,-578.500000	,-195.000000	,-506.500000	,-277.500000	,-427.500000	,-506.000000	,-433.000000	,-166.500000	,-315.000000	,-320.000000	,222.000000	,592.000000	,939.000000	,93.500000	,19.500000	,-42.500000	,501.000000	,300.500000	,222.500000	,241.500000	,12.500000	,229.000000	,-327.000000	,-11.000000	,-260.000000	,91.000000	,-82.500000	,88.000000	,-169.000000	,-302.000000	,-773.000000	,-580.000000	,-271.500000	,195.500000	,305.000000	,-281.000000	,-47.500000	,-231.000000	,-53.000000	,101.000000	,48.500000	,300.000000	,484.000000	,519.000000	,417.500000	,41.000000	,131.000000	,167.500000	,334.500000	,256.500000	,241.500000	,185.000000	,389.000000	,207.500000	,113.500000	,-419.500000	,-402.500000	,-318.000000	,-161.000000	,-16.000000	,-252.500000	,16.500000	,-122.000000	,316.500000	,328.500000	,306.000000	,176.500000	,125.000000	,-100.000000	,138.000000	,-265.500000	,342.500000	,103.500000	,456.500000	,192.000000	,200.000000	,246.000000	,104.500000	,28.500000	,25.000000	,16.500000	,-34.500000	,-104.500000	,-30.500000	,280.500000	,502.000000	,96.500000	,-201.000000	,182.500000	,127.500000	,274.000000	,-244.500000	,-74.500000	,192.500000	,456.500000	,257.500000	,3.500000	,-241.000000	,-73.500000	,-64.000000	,-103.500000	,38.500000	,141.000000	,-16.500000	,-261.500000	,-452.000000	,-186.000000	,24.500000	,-38.000000	,-259.500000	,-252.000000	,-87.500000	,-62.500000	,83.500000	,13.000000	,429.000000	,428.000000	,482.000000	,-15.000000	,-5.500000	,-287.000000	,38.000000	,-0.500000	,350.000000	,-14.000000	,208.000000	,-326.000000	,-398.000000	,-181.500000	,198.500000	,95.000000	,102.500000	,36.000000	,193.500000	,-118.500000	,-132.000000	,-26.500000	,199.500000	,435.000000	,723.500000	,1045.000000	,824.500000	,429.000000	,246.500000	,289.000000	,-149.000000	,-210.000000	,-344.000000	,3.000000	,-236.000000	,69.500000	,-29.500000	,246.000000	,-10.000000	,-270.000000	,-271.000000	,-80.000000	,-56.000000	,83.000000	,-174.000000	,-69.000000	,-285.500000	,-68.000000	,-192.500000	,-25.500000	,-45.000000	,-41.000000	,-57.000000	,-204.000000	,185.000000	,238.500000	,366.000000	,297.000000	,15.000000	,150.000000	,-241.500000	,-69.000000	,-133.000000	,
-7.000000	,-10.500000	,-7.500000	,-33.000000	,95.000000	,189.500000	,143.000000	,81.000000	,-21.000000	,62.000000	,62.000000	,284.000000	,243.500000	,380.500000	,193.000000	,82.500000	,-176.500000	,-55.500000	,164.000000	,0.000000	,69.500000	,224.000000	,295.500000	,36.500000	,-36.000000	,-275.500000	,125.000000	,3.000000	,-146.500000	,175.500000	,275.500000	,391.500000	,127.500000	,78.000000	,360.000000	,198.500000	,72.000000	,-198.500000	,-341.000000	,-53.000000	,-220.000000	,-83.000000	,-709.500000	,-180.500000	,-444.000000	,-46.500000	,-29.000000	,-185.500000	,-105.000000	,157.000000	,164.500000	,-9.000000	,-459.000000	,-216.000000	,-27.500000	,-32.500000	,-65.500000	,-40.500000	,-117.500000	,-298.500000	,-15.500000	,-2.000000	,211.000000	,11.000000	,-204.500000	,-411.000000	,-449.000000	,-69.500000	,397.500000	,483.000000	,255.500000	,111.500000	,-180.000000	,244.000000	,646.500000	,1006.000000	,612.500000	,306.500000	,312.500000	,313.500000	,-128.500000	,-6.500000	,-112.000000	,89.500000	,43.000000	,28.000000	,74.000000	,-26.500000	,138.500000	,58.000000	,212.000000	,3.000000	,62.000000	,-143.500000	,-489.000000	,-318.000000	,-171.000000	,69.000000	,-24.000000	,10.500000	,302.500000	,272.000000	,512.500000	,180.000000	,38.000000	,-198.000000	,-117.500000	,262.500000	,271.000000	,132.000000	,200.500000	,237.000000	,245.000000	,-105.500000	,-220.000000	,61.000000	,70.000000	,338.000000	,-8.500000	,195.000000	,61.500000	,506.500000	,709.500000	,219.000000	,216.500000	,-252.000000	,7.500000	,-187.000000	,18.000000	,-144.000000	,198.000000	,-99.000000	,-25.500000	,-332.500000	,-15.500000	,20.500000	,259.500000	,-34.500000	,-580.500000	,71.000000	,-46.000000	,264.500000	,-61.500000	,-64.500000	,-51.000000	,329.500000	,808.000000	,708.000000	,402.500000	,162.500000	,-144.000000	,-48.000000	,-207.500000	,29.000000	,224.000000	,2.500000	,-87.000000	,-486.000000	,-308.000000	,-651.500000	,-343.500000	,-10.500000	,261.000000	,188.500000	,-195.000000	,-906.000000	,-470.000000	,-541.000000	,116.000000	,54.500000	,32.500000	,-74.000000	,136.500000	,447.500000	,315.500000	,509.500000	,247.500000	,149.000000	,-213.000000	,-204.000000	,-590.500000	,-183.000000	,-386.500000	,-117.500000	,3.000000	,148.500000	,-24.500000	,34.500000	,-62.500000	,-191.500000	,-493.500000	,-201.500000	,-140.500000	,28.000000	,-50.000000	,-238.000000	,-341.000000	,-168.000000	,222.500000	,450.500000	,664.000000	,692.500000	,682.500000	,385.000000	,32.500000	,-166.500000	,-183.000000	,260.000000	,38.500000	,239.500000	,-89.000000	,-35.500000	,-335.500000	,-199.500000	,-126.500000	,-251.500000	,-156.000000	,-178.500000	,78.000000	,-70.000000	,-259.000000	,-2.500000	,-124.500000	,18.500000	,96.500000	,45.500000	,75.500000	,117.500000	,50.000000	,14.500000	,166.500000	,214.500000	,141.500000	,-13.000000	,-73.000000	,100.000000	,138.000000	,175.500000	,163.500000	,26.500000	,
-135.500000	,-146.500000	,-6.500000	,-66.500000	,50.500000	,-65.000000	,-5.000000	,-114.500000	,96.000000	,205.000000	,416.500000	,241.000000	,-46.500000	,-66.000000	,-123.000000	,-660.000000	,-454.000000	,-484.500000	,-254.500000	,-286.500000	,-287.500000	,-69.000000	,144.000000	,161.500000	,-321.000000	,-94.000000	,-319.500000	,-210.500000	,-233.500000	,-178.000000	,-204.500000	,-41.500000	,292.500000	,274.000000	,203.500000	,-339.500000	,-249.500000	,-66.500000	,-102.500000	,104.500000	,-14.500000	,143.500000	,-700.500000	,-878.500000	,-1384.500000	,-573.500000	,-470.000000	,-12.000000	,-299.500000	,-181.500000	,-54.000000	,153.500000	,464.000000	,440.500000	,369.000000	,146.500000	,-220.500000	,-194.000000	,-168.000000	,-172.500000	,-33.000000	,28.500000	,468.500000	,-102.500000	,111.000000	,-294.000000	,228.500000	,91.500000	,152.500000	,6.500000	,52.000000	,230.000000	,150.500000	,99.500000	,90.000000	,554.000000	,246.500000	,119.000000	,-429.000000	,-128.500000	,97.500000	,250.500000	,402.000000	,157.000000	,85.500000	,65.500000	,93.000000	,302.000000	,364.500000	,344.000000	,481.000000	,533.000000	,272.000000	,-245.500000	,-806.500000	,-1140.500000	,-784.500000	,4.500000	,119.500000	,363.500000	,-155.500000	,32.500000	,-16.000000	,235.500000	,-38.500000	,-152.000000	,-364.500000	,3.500000	,-284.500000	,-62.000000	,-326.000000	,-193.500000	,116.000000	,-17.000000	,152.000000	,369.500000	,160.500000	,26.500000	,213.500000	,-267.000000	,-58.500000	,-236.500000	,73.500000	,105.500000	,63.000000	,-13.500000	,-430.500000	,-221.000000	,-416.000000	,162.500000	,46.000000	,141.500000	,102.000000	,-71.000000	,-62.000000	,-351.000000	,-129.000000	,-254.500000	,-143.500000	,-206.000000	,184.000000	,-99.500000	,-237.000000	,-349.000000	,-240.000000	,201.500000	,-196.000000	,-153.000000	,-460.500000	,-99.000000	,-129.500000	,-195.500000	,-152.000000	,-5.500000	,2.000000	,72.000000	,-278.000000	,-289.000000	,-130.000000	,115.000000	,46.500000	,176.000000	,-54.500000	,-16.500000	,-682.500000	,-287.500000	,-516.000000	,-78.500000	,-147.500000	,172.000000	,-102.500000	,-64.500000	,-285.500000	,-366.000000	,-220.500000	,-207.000000	,234.000000	,-182.500000	,-126.500000	,-300.500000	,-160.500000	,136.500000	,174.500000	,200.000000	,101.000000	,290.500000	,481.000000	,572.500000	,348.000000	,318.000000	,330.000000	,338.000000	,481.000000	,304.500000	,191.000000	,-27.500000	,384.500000	,1033.000000	,1094.000000	,1075.500000	,638.000000	,153.000000	,-160.000000	,-391.500000	,-529.500000	,-260.000000	,-87.000000	,103.500000	,134.000000	,158.000000	,-34.000000	,165.500000	,-270.500000	,24.500000	,-85.000000	,320.000000	,376.500000	,112.000000	,-51.000000	,-28.500000	,-48.500000	,165.000000	,220.000000	,349.500000	,152.500000	,98.500000	,-193.500000	,-147.000000	,-114.000000	,-330.000000	,-113.000000	,-197.000000	,74.000000	,-68.000000	,28.000000	,-130.500000	,-225.000000	,-40.500000	,44.500000	,171.000000	,
-56.000000	,241.000000	,78.000000	,42.500000	,36.000000	,-126.000000	,-76.000000	,68.500000	,-35.000000	,-48.000000	,-176.000000	,-144.500000	,-122.500000	,-35.500000	,-17.500000	,31.500000	,442.000000	,417.000000	,207.000000	,345.500000	,-3.000000	,-68.000000	,-117.500000	,-126.000000	,-13.000000	,85.000000	,71.500000	,291.500000	,-58.500000	,-97.500000	,-305.000000	,-167.000000	,132.000000	,382.000000	,86.000000	,497.000000	,19.000000	,39.000000	,-56.500000	,17.000000	,-118.500000	,-409.500000	,-197.000000	,-333.000000	,-494.500000	,-850.000000	,-978.000000	,-405.000000	,-152.500000	,68.000000	,-41.000000	,-108.500000	,-86.500000	,-282.500000	,-165.000000	,8.500000	,82.500000	,416.500000	,-341.500000	,53.000000	,-361.500000	,-147.500000	,-177.500000	,-45.000000	,144.000000	,148.000000	,-2.500000	,-117.000000	,-314.000000	,176.500000	,133.000000	,226.000000	,193.000000	,7.000000	,72.000000	,64.000000	,267.500000	,359.500000	,11.500000	,-103.000000	,-109.500000	,-95.000000	,-502.000000	,-245.500000	,-181.500000	,17.500000	,-339.500000	,45.500000	,-75.500000	,-76.500000	,-212.000000	,-120.500000	,-17.500000	,-119.500000	,-410.000000	,-296.500000	,-458.500000	,-66.000000	,-289.000000	,-94.500000	,-102.500000	,-17.000000	,-136.000000	,-187.000000	,-53.500000	,113.000000	,117.000000	,97.000000	,112.500000	,-140.500000	,-145.500000	,-189.500000	,-245.000000	,91.000000	,-73.000000	,121.500000	,217.000000	,255.500000	,71.000000	,120.500000	,-232.000000	,191.500000	,172.000000	,270.000000	,231.500000	,274.000000	,84.000000	,9.500000	,-223.000000	,-347.500000	,-243.000000	,-920.000000	,-489.500000	,-630.500000	,-280.000000	,-141.000000	,-70.500000	,123.500000	,164.000000	,76.000000	,298.000000	,179.000000	,321.000000	,265.500000	,508.500000	,417.500000	,275.000000	,-233.500000	,-182.500000	,-448.000000	,-75.000000	,336.500000	,363.500000	,107.500000	,80.000000	,-157.000000	,8.000000	,-229.000000	,-10.000000	,-68.500000	,99.000000	,-226.500000	,-382.000000	,-875.500000	,-614.500000	,-655.500000	,-190.500000	,-557.500000	,-86.000000	,-254.500000	,109.500000	,-78.500000	,133.500000	,-15.500000	,-192.000000	,-204.000000	,-299.500000	,-248.000000	,29.000000	,99.500000	,297.000000	,-90.500000	,-106.000000	,-125.000000	,-207.500000	,-402.000000	,-282.500000	,-189.500000	,221.500000	,187.500000	,539.500000	,260.500000	,14.000000	,-200.500000	,65.500000	,476.000000	,1282.000000	,662.000000	,438.000000	,-210.000000	,-280.500000	,-236.500000	,-297.000000	,-26.000000	,143.000000	,317.500000	,126.000000	,-277.500000	,-48.500000	,-167.000000	,176.500000	,-178.000000	,192.000000	,-36.000000	,48.000000	,33.000000	,154.500000	,461.000000	,-43.000000	,135.000000	,-250.500000	,-328.000000	,-399.500000	,-203.000000	,-74.500000	,-2.000000	,-9.500000	,-147.000000	,-114.000000	,-0.500000	,17.500000	,112.000000	,-93.000000	,164.500000	,209.500000	,74.500000	,-447.000000	,-309.000000	,-423.000000	,-142.000000	,
11.500000	,129.500000	,26.000000	,81.500000	,17.000000	,-23.500000	,-22.000000	,-115.000000	,-71.500000	,-275.500000	,-74.000000	,-117.500000	,151.000000	,-53.500000	,-328.000000	,-662.500000	,-242.500000	,-282.500000	,131.000000	,23.500000	,-9.000000	,-35.500000	,112.000000	,-138.000000	,-151.500000	,-560.000000	,-411.000000	,-421.000000	,-133.000000	,22.500000	,25.500000	,202.500000	,155.000000	,-34.500000	,229.000000	,-111.500000	,25.000000	,-552.500000	,-540.500000	,-202.000000	,-119.000000	,-346.500000	,-535.500000	,-160.000000	,130.000000	,-198.000000	,-167.500000	,-646.000000	,-507.000000	,-125.000000	,140.500000	,25.000000	,-469.500000	,-324.000000	,-394.500000	,-63.000000	,45.000000	,100.500000	,460.500000	,164.000000	,212.000000	,50.000000	,-460.500000	,-299.000000	,-249.000000	,-147.000000	,53.500000	,130.500000	,-83.500000	,-178.500000	,-172.000000	,-214.500000	,-310.500000	,-243.500000	,137.500000	,-298.000000	,446.500000	,399.000000	,978.500000	,468.000000	,-144.000000	,-178.000000	,-297.000000	,26.500000	,350.000000	,17.000000	,151.000000	,-163.500000	,-148.000000	,-414.000000	,-102.500000	,-196.000000	,298.500000	,208.000000	,381.500000	,231.500000	,202.500000	,116.500000	,-58.000000	,-351.500000	,-74.500000	,171.000000	,234.500000	,338.500000	,186.000000	,159.000000	,-143.500000	,109.500000	,-81.000000	,257.000000	,34.500000	,53.500000	,99.500000	,-132.000000	,-437.500000	,-641.500000	,-426.000000	,-89.000000	,194.500000	,317.500000	,487.000000	,169.000000	,-0.500000	,-97.500000	,-279.000000	,-102.500000	,227.500000	,218.000000	,380.000000	,-256.500000	,-164.000000	,-462.000000	,-388.500000	,-257.000000	,-246.000000	,252.000000	,103.500000	,533.500000	,49.000000	,31.500000	,-124.000000	,80.500000	,368.500000	,368.000000	,593.000000	,239.000000	,504.500000	,241.000000	,85.500000	,-179.000000	,-204.000000	,-104.000000	,-133.500000	,-116.000000	,-302.500000	,114.000000	,-35.000000	,490.000000	,179.000000	,318.000000	,95.000000	,-34.500000	,-486.500000	,-801.500000	,-586.500000	,85.000000	,-33.500000	,141.500000	,30.000000	,136.500000	,-49.000000	,40.000000	,89.500000	,163.000000	,31.000000	,-182.500000	,-464.000000	,-238.500000	,112.000000	,493.500000	,356.500000	,481.500000	,305.500000	,474.000000	,464.000000	,-140.500000	,-425.000000	,-362.500000	,-193.000000	,227.500000	,-76.000000	,-96.500000	,-124.000000	,227.500000	,988.500000	,881.500000	,848.000000	,359.500000	,-27.500000	,112.500000	,-196.000000	,241.500000	,-36.500000	,227.000000	,92.500000	,-35.500000	,-64.000000	,-15.000000	,200.500000	,38.500000	,-65.000000	,203.500000	,78.000000	,176.500000	,-137.000000	,-116.000000	,-74.000000	,-99.500000	,140.000000	,58.000000	,544.500000	,128.500000	,-137.000000	,-367.000000	,-34.000000	,252.500000	,252.500000	,231.500000	,201.500000	,394.000000	,262.500000	,172.500000	,-192.500000	,-316.500000	,-400.500000	,-505.000000	,-69.000000	,24.000000	,85.000000	,-64.000000	,
26.000000	,52.500000	,-63.000000	,-237.500000	,-407.000000	,-226.000000	,-87.500000	,84.500000	,-31.500000	,202.500000	,45.500000	,227.000000	,19.500000	,7.500000	,-648.500000	,-453.000000	,-812.000000	,-350.500000	,-269.500000	,-17.000000	,199.500000	,181.000000	,416.000000	,309.500000	,764.500000	,459.000000	,690.000000	,272.000000	,608.500000	,316.000000	,353.500000	,235.500000	,-85.500000	,-47.000000	,-76.500000	,-197.500000	,72.500000	,198.000000	,149.500000	,47.000000	,119.500000	,168.000000	,229.500000	,-64.500000	,90.500000	,-10.500000	,-130.500000	,-268.500000	,-703.000000	,-811.500000	,-463.500000	,208.500000	,42.500000	,271.500000	,554.500000	,199.000000	,26.000000	,-361.000000	,29.000000	,506.000000	,547.000000	,265.500000	,63.500000	,187.000000	,81.500000	,381.500000	,66.500000	,-4.000000	,-240.000000	,-316.500000	,-423.000000	,-377.000000	,-482.000000	,-356.000000	,-313.500000	,21.000000	,-121.500000	,502.000000	,360.500000	,656.000000	,-95.000000	,-184.500000	,-81.500000	,301.000000	,328.500000	,216.500000	,-40.500000	,-226.500000	,-233.500000	,-66.500000	,-161.500000	,-327.000000	,-282.000000	,-156.000000	,27.000000	,105.500000	,-224.000000	,-288.000000	,-104.500000	,-230.500000	,20.000000	,-119.000000	,-128.500000	,-87.000000	,-172.000000	,320.500000	,146.500000	,244.000000	,333.000000	,528.000000	,660.500000	,-204.500000	,22.500000	,-191.000000	,345.500000	,109.000000	,122.500000	,-367.500000	,-514.500000	,74.500000	,-92.000000	,174.000000	,84.000000	,272.500000	,212.000000	,70.000000	,-129.500000	,145.500000	,378.000000	,721.000000	,569.500000	,294.500000	,224.500000	,352.000000	,313.000000	,194.500000	,-46.000000	,-210.000000	,-138.000000	,-352.000000	,-195.500000	,49.500000	,151.000000	,386.500000	,2.000000	,-192.500000	,-261.000000	,-150.500000	,154.000000	,-90.500000	,-335.500000	,-307.500000	,-42.000000	,51.500000	,456.500000	,200.500000	,592.500000	,291.000000	,121.000000	,-108.000000	,-444.500000	,-886.500000	,-811.000000	,-625.000000	,-153.500000	,60.000000	,-16.000000	,40.500000	,-121.000000	,-179.000000	,-82.500000	,166.500000	,265.500000	,-57.000000	,-151.500000	,-305.000000	,-172.000000	,-164.000000	,-431.000000	,-475.500000	,-254.000000	,-17.000000	,-25.000000	,232.500000	,-29.000000	,200.500000	,-273.000000	,-126.000000	,-120.000000	,-361.500000	,-201.500000	,-90.000000	,752.500000	,815.000000	,737.000000	,238.500000	,-409.000000	,-307.000000	,-10.500000	,-141.000000	,26.500000	,-69.500000	,-80.500000	,46.500000	,20.500000	,51.500000	,108.500000	,37.500000	,-140.000000	,-397.000000	,-713.000000	,-281.000000	,-228.500000	,197.500000	,300.000000	,146.500000	,31.000000	,-580.500000	,-263.500000	,-585.500000	,-217.000000	,-302.500000	,205.000000	,-14.500000	,9.500000	,-70.500000	,-79.500000	,-106.500000	,16.000000	,35.500000	,-42.500000	,0.000000	,-263.000000	,-37.500000	,-228.000000	,-162.500000	,231.000000	,177.000000	,380.000000	,66.000000	,
-98.000000	,-46.000000	,59.000000	,23.000000	,146.500000	,65.000000	,138.500000	,3.500000	,-136.500000	,12.500000	,-94.000000	,-92.000000	,-143.500000	,-319.000000	,-259.500000	,183.000000	,145.000000	,-80.000000	,-204.500000	,-331.000000	,-168.000000	,-87.000000	,-17.000000	,18.500000	,170.000000	,328.500000	,317.500000	,337.500000	,58.000000	,-295.000000	,-321.500000	,-660.500000	,-299.500000	,-23.000000	,-68.000000	,181.500000	,118.500000	,266.000000	,539.000000	,-1.500000	,53.500000	,-35.000000	,28.000000	,10.000000	,172.500000	,342.500000	,83.500000	,22.000000	,-45.000000	,-475.500000	,-567.500000	,-1150.000000	,-179.500000	,-298.500000	,208.500000	,16.000000	,-30.000000	,-116.500000	,86.000000	,180.500000	,60.000000	,-144.000000	,-152.500000	,206.500000	,35.500000	,144.000000	,-112.000000	,75.500000	,271.000000	,301.500000	,205.500000	,234.500000	,23.500000	,-107.500000	,-197.500000	,28.000000	,149.000000	,148.000000	,388.500000	,409.000000	,699.000000	,-98.500000	,-212.500000	,-108.500000	,-289.500000	,-190.500000	,-211.000000	,-14.000000	,263.000000	,40.500000	,-267.000000	,-224.000000	,-207.500000	,-258.500000	,-87.000000	,-150.000000	,-71.500000	,-225.500000	,63.000000	,57.500000	,15.000000	,-121.500000	,27.000000	,-6.500000	,-6.500000	,-166.500000	,133.000000	,53.500000	,508.000000	,163.500000	,267.500000	,-50.500000	,-102.000000	,87.500000	,-63.000000	,45.500000	,18.000000	,75.000000	,-93.500000	,-52.000000	,-141.500000	,-21.500000	,-48.000000	,27.000000	,-297.500000	,27.500000	,-321.500000	,19.500000	,-248.000000	,178.000000	,36.000000	,92.000000	,378.000000	,250.500000	,135.500000	,-349.500000	,-11.000000	,-203.000000	,156.000000	,-187.500000	,-412.500000	,-626.500000	,-425.000000	,98.000000	,147.500000	,241.000000	,-25.500000	,-143.000000	,222.000000	,149.000000	,242.500000	,36.500000	,124.000000	,154.500000	,69.500000	,-10.000000	,86.500000	,-30.000000	,178.000000	,155.000000	,-436.000000	,-373.500000	,-271.000000	,201.000000	,109.000000	,-18.000000	,113.000000	,218.000000	,324.500000	,13.000000	,40.500000	,-263.000000	,-386.500000	,-268.000000	,159.500000	,444.500000	,525.000000	,172.000000	,22.500000	,-240.000000	,-460.500000	,-773.500000	,-659.500000	,-405.000000	,-124.000000	,72.000000	,47.000000	,263.500000	,306.500000	,668.500000	,1009.000000	,1074.500000	,849.000000	,477.000000	,-28.000000	,226.500000	,-125.000000	,-159.500000	,-369.000000	,-321.500000	,188.500000	,117.500000	,63.500000	,-141.000000	,-374.500000	,17.500000	,-129.500000	,-20.500000	,-259.500000	,-112.500000	,-50.000000	,-145.500000	,25.000000	,-20.500000	,198.500000	,-279.000000	,-223.000000	,108.500000	,189.500000	,429.500000	,56.500000	,356.000000	,364.500000	,430.000000	,94.000000	,-70.500000	,-102.000000	,-106.500000	,-108.000000	,-159.000000	,7.000000	,-71.000000	,378.500000	,378.500000	,608.000000	,423.500000	,380.500000	,106.000000	,-7.500000	,-64.000000	,
-64.000000	,-185.500000	,-33.500000	,191.500000	,407.000000	,267.500000	,54.500000	,-269.000000	,181.500000	,139.500000	,281.500000	,130.500000	,181.500000	,-249.000000	,-264.000000	,-388.000000	,-18.000000	,-38.500000	,-232.500000	,-128.500000	,-326.500000	,136.500000	,-190.500000	,-147.500000	,-561.000000	,-554.000000	,-386.500000	,-517.500000	,-608.000000	,-468.000000	,-214.500000	,350.500000	,69.000000	,283.000000	,-80.000000	,67.000000	,-233.000000	,-66.500000	,68.500000	,446.000000	,-150.500000	,154.500000	,-180.000000	,-102.000000	,-227.000000	,-265.500000	,-138.000000	,-376.500000	,-343.000000	,-347.000000	,-603.500000	,-502.500000	,-902.000000	,-850.000000	,-850.500000	,-103.000000	,482.500000	,636.000000	,273.000000	,-155.000000	,-171.000000	,82.000000	,505.000000	,316.000000	,410.000000	,26.500000	,426.000000	,144.000000	,113.500000	,-151.500000	,58.000000	,108.000000	,580.500000	,543.000000	,535.000000	,358.500000	,-291.000000	,-316.500000	,-363.000000	,354.500000	,729.000000	,820.000000	,409.000000	,23.000000	,75.500000	,113.000000	,-186.000000	,-49.000000	,48.500000	,265.500000	,468.000000	,124.500000	,446.000000	,237.000000	,487.000000	,-298.500000	,-522.500000	,-970.500000	,-511.000000	,-164.500000	,-301.000000	,-74.500000	,-582.500000	,-150.500000	,-633.000000	,-334.500000	,-499.000000	,-292.000000	,-66.500000	,-91.000000	,120.000000	,386.500000	,-46.500000	,298.000000	,-316.000000	,-95.000000	,14.000000	,562.500000	,427.500000	,304.000000	,-212.000000	,-99.000000	,-64.000000	,-199.500000	,114.500000	,146.000000	,213.500000	,-19.500000	,-50.000000	,-278.000000	,-905.000000	,-435.000000	,-456.000000	,-133.000000	,-82.500000	,-39.000000	,204.500000	,-82.500000	,111.500000	,-79.000000	,292.500000	,170.000000	,647.500000	,465.500000	,688.500000	,493.000000	,580.000000	,90.000000	,171.000000	,402.500000	,400.000000	,221.500000	,-170.000000	,-528.000000	,-382.000000	,-334.500000	,-300.500000	,28.000000	,51.000000	,-273.000000	,-340.500000	,-346.500000	,190.500000	,-53.500000	,146.000000	,109.500000	,158.000000	,83.000000	,36.000000	,145.500000	,437.000000	,287.500000	,379.500000	,184.000000	,246.000000	,192.500000	,-103.500000	,256.500000	,103.000000	,547.000000	,329.500000	,146.000000	,-340.500000	,-452.000000	,-534.500000	,-16.000000	,-108.000000	,297.500000	,215.000000	,1015.500000	,585.000000	,585.000000	,212.000000	,279.500000	,242.000000	,348.500000	,320.500000	,385.000000	,282.500000	,-52.500000	,-101.000000	,-320.000000	,-44.000000	,-99.500000	,-87.500000	,-36.500000	,-69.500000	,84.000000	,194.000000	,344.000000	,421.500000	,246.000000	,-139.500000	,-219.500000	,-327.500000	,-70.000000	,324.000000	,269.500000	,220.500000	,-50.000000	,-32.000000	,-262.500000	,-522.000000	,-350.000000	,-353.000000	,-100.000000	,-211.000000	,-4.000000	,-134.000000	,-156.000000	,-67.500000	,-429.000000	,-249.000000	,-364.500000	,-132.500000	,204.500000	,233.500000	,267.000000	,12.500000	,-64.000000	,
-76.000000	,-196.500000	,-144.000000	,-184.500000	,-81.000000	,-44.500000	,-17.500000	,43.500000	,181.000000	,107.500000	,22.500000	,-33.500000	,-58.000000	,-153.000000	,6.000000	,185.000000	,176.000000	,328.000000	,49.000000	,52.500000	,57.500000	,-163.500000	,-550.500000	,-249.500000	,-50.000000	,233.500000	,102.000000	,218.000000	,1.000000	,138.500000	,-151.000000	,-91.000000	,-369.500000	,-315.500000	,-196.500000	,72.500000	,-74.000000	,14.500000	,-13.500000	,124.000000	,9.000000	,352.000000	,74.000000	,138.500000	,9.000000	,-71.500000	,-14.000000	,18.000000	,-121.000000	,-58.500000	,-39.000000	,143.500000	,-248.500000	,-752.000000	,-1016.500000	,-1118.000000	,-470.500000	,-181.000000	,-102.500000	,-200.000000	,-93.000000	,-223.500000	,-78.500000	,-409.500000	,-290.500000	,-384.000000	,-207.500000	,-374.500000	,-490.500000	,-217.000000	,-375.000000	,-265.000000	,-273.000000	,-172.500000	,-33.500000	,228.500000	,-249.000000	,-209.500000	,-510.000000	,-181.000000	,319.000000	,735.500000	,557.000000	,191.000000	,-193.000000	,317.000000	,207.000000	,123.000000	,257.000000	,428.000000	,496.500000	,241.500000	,-83.000000	,-262.500000	,-121.500000	,-239.500000	,-315.500000	,-677.500000	,-451.000000	,-466.500000	,112.000000	,229.000000	,-35.000000	,161.500000	,352.000000	,476.500000	,174.000000	,80.500000	,-111.500000	,-78.000000	,-157.500000	,-219.000000	,-3.500000	,-156.000000	,177.000000	,45.000000	,141.000000	,49.000000	,235.000000	,158.500000	,-220.500000	,-495.000000	,-385.500000	,-340.500000	,135.500000	,114.500000	,259.000000	,206.500000	,409.000000	,224.000000	,124.500000	,5.000000	,-75.500000	,0.000000	,54.500000	,294.000000	,97.500000	,85.500000	,154.000000	,207.000000	,130.500000	,397.000000	,701.500000	,316.500000	,-115.500000	,-141.500000	,110.000000	,380.500000	,243.000000	,48.500000	,-13.500000	,87.000000	,25.500000	,186.000000	,137.000000	,496.000000	,46.500000	,-48.000000	,-950.500000	,-580.000000	,-432.500000	,240.000000	,144.000000	,108.500000	,20.500000	,-98.500000	,-177.500000	,-82.500000	,-164.000000	,-46.000000	,158.500000	,229.000000	,372.000000	,-15.000000	,-226.000000	,-63.000000	,97.500000	,76.500000	,-118.500000	,-25.500000	,221.500000	,394.500000	,207.000000	,-31.000000	,-2.500000	,420.000000	,680.500000	,855.000000	,550.000000	,189.000000	,-39.500000	,-258.000000	,-392.000000	,-164.500000	,-146.000000	,-36.500000	,-36.000000	,31.500000	,152.500000	,368.000000	,-136.000000	,74.000000	,-73.000000	,250.500000	,163.500000	,74.500000	,163.000000	,-6.000000	,-87.500000	,-318.000000	,-160.000000	,-112.000000	,107.500000	,198.000000	,217.000000	,72.000000	,-214.500000	,-306.500000	,-188.500000	,-265.000000	,-313.500000	,20.000000	,-245.000000	,14.500000	,-360.000000	,-211.500000	,-318.500000	,-137.000000	,-124.000000	,208.000000	,220.000000	,188.000000	,76.000000	,-32.000000	,-128.500000	,-148.500000	,-219.000000	,-163.500000	,-31.500000	,-64.000000	,
-170.500000	,21.500000	,166.000000	,217.000000	,-25.500000	,48.500000	,23.000000	,237.500000	,173.500000	,140.500000	,-69.000000	,-60.000000	,-583.500000	,-579.500000	,-605.500000	,-488.500000	,-349.500000	,-349.500000	,54.000000	,202.000000	,226.000000	,-161.000000	,-153.500000	,57.500000	,-29.000000	,-69.500000	,-542.500000	,42.000000	,-31.500000	,393.000000	,16.500000	,58.500000	,-72.500000	,-546.000000	,-239.000000	,-245.000000	,152.000000	,43.500000	,-425.000000	,-610.000000	,-370.500000	,-480.500000	,-184.000000	,-12.500000	,-144.000000	,158.000000	,-96.000000	,293.500000	,496.500000	,149.000000	,107.000000	,-418.000000	,-31.500000	,-133.500000	,-385.500000	,-688.000000	,-1360.000000	,-733.500000	,-390.500000	,193.500000	,359.500000	,-43.500000	,82.500000	,191.500000	,252.000000	,177.500000	,-18.500000	,0.000000	,218.500000	,-105.500000	,-18.000000	,-93.500000	,86.500000	,-52.000000	,71.000000	,-198.000000	,48.000000	,-192.000000	,172.500000	,36.500000	,87.000000	,445.500000	,590.000000	,829.000000	,393.000000	,282.000000	,426.000000	,75.000000	,-97.500000	,-552.000000	,-307.500000	,-256.500000	,-286.500000	,-296.000000	,-223.500000	,204.000000	,107.500000	,193.500000	,-256.500000	,-548.500000	,-408.000000	,-157.500000	,18.000000	,-236.500000	,-62.000000	,-22.000000	,274.000000	,247.000000	,251.000000	,92.000000	,227.000000	,458.000000	,4.000000	,192.500000	,81.000000	,-109.500000	,-351.500000	,-828.500000	,-387.500000	,-145.500000	,187.500000	,-111.000000	,-122.500000	,-115.500000	,-35.500000	,-31.000000	,-239.000000	,-272.500000	,-325.500000	,65.000000	,-91.000000	,403.500000	,-45.000000	,378.000000	,29.500000	,140.500000	,-187.000000	,-76.500000	,205.500000	,407.000000	,170.000000	,629.500000	,116.000000	,206.500000	,-259.500000	,-284.000000	,-424.000000	,-173.000000	,-137.500000	,-97.000000	,-261.000000	,-303.500000	,-18.000000	,-126.000000	,207.500000	,-70.500000	,-104.500000	,-628.000000	,-755.000000	,-702.000000	,-30.000000	,174.500000	,398.500000	,126.000000	,191.000000	,-224.000000	,-166.500000	,-297.500000	,0.000000	,-112.000000	,3.500000	,-249.500000	,5.500000	,195.000000	,277.500000	,-12.500000	,-213.000000	,-84.500000	,0.000000	,15.000000	,-227.000000	,-85.500000	,22.000000	,181.000000	,374.000000	,933.000000	,1224.000000	,745.500000	,223.000000	,-205.000000	,282.000000	,-53.000000	,185.500000	,-264.000000	,-251.000000	,-579.500000	,-321.000000	,-405.500000	,100.000000	,306.500000	,546.500000	,252.500000	,-95.500000	,-109.000000	,-136.000000	,-232.000000	,-438.500000	,-30.000000	,-44.000000	,476.000000	,296.500000	,381.000000	,184.000000	,223.000000	,33.000000	,128.500000	,-169.500000	,-105.500000	,35.500000	,-96.000000	,180.000000	,-5.000000	,339.500000	,73.000000	,43.000000	,5.500000	,184.500000	,151.000000	,32.500000	,-7.000000	,-26.500000	,212.000000	,402.500000	,302.500000	,174.000000	,-55.000000	,96.000000	,-104.000000	,-43.500000	,-76.000000	,
116.000000	,325.000000	,130.000000	,-50.000000	,-127.500000	,-60.000000	,-9.000000	,60.000000	,-78.000000	,-126.000000	,-248.000000	,-109.000000	,-558.500000	,-301.000000	,-546.500000	,-244.500000	,-186.500000	,-284.000000	,88.500000	,70.000000	,431.500000	,252.500000	,471.500000	,315.000000	,261.500000	,-31.000000	,173.500000	,89.500000	,-30.500000	,-299.000000	,-85.500000	,260.500000	,374.000000	,463.500000	,29.000000	,-102.500000	,253.000000	,207.000000	,444.000000	,312.000000	,323.500000	,295.000000	,-3.500000	,16.000000	,-22.500000	,69.000000	,94.500000	,313.500000	,-34.000000	,292.000000	,97.000000	,256.500000	,-47.000000	,192.500000	,84.500000	,-131.000000	,-620.500000	,-938.000000	,-900.000000	,-508.000000	,-92.000000	,164.500000	,-60.500000	,-68.500000	,-103.500000	,189.000000	,201.500000	,219.500000	,240.000000	,158.500000	,53.000000	,112.500000	,-8.500000	,-128.000000	,-344.500000	,-268.000000	,365.000000	,655.000000	,487.500000	,331.500000	,-186.000000	,-99.500000	,373.000000	,351.500000	,777.000000	,75.500000	,-11.000000	,63.500000	,-242.000000	,-327.500000	,-534.000000	,-268.000000	,-174.000000	,128.000000	,-115.000000	,362.000000	,31.500000	,583.500000	,-190.000000	,-157.500000	,-437.000000	,-317.500000	,89.500000	,8.500000	,115.000000	,-131.000000	,-249.000000	,-210.000000	,-270.500000	,326.000000	,189.500000	,422.500000	,18.500000	,-187.000000	,94.000000	,-39.000000	,174.500000	,112.500000	,-135.500000	,-100.500000	,-403.500000	,-239.000000	,-254.000000	,-375.500000	,-368.000000	,-236.500000	,-0.500000	,269.000000	,-144.000000	,-432.500000	,-262.500000	,-369.000000	,-131.500000	,-689.000000	,-420.000000	,-284.500000	,70.500000	,-93.500000	,-387.000000	,-655.500000	,-48.000000	,130.500000	,70.500000	,16.500000	,159.000000	,337.000000	,122.500000	,51.000000	,154.000000	,199.500000	,-1.000000	,66.000000	,50.500000	,-260.500000	,-256.000000	,-659.500000	,-934.000000	,-571.000000	,-353.000000	,167.500000	,190.000000	,373.000000	,-377.000000	,-206.500000	,-374.500000	,-237.000000	,-148.500000	,-223.500000	,-230.500000	,-17.000000	,-25.000000	,-67.000000	,-41.000000	,200.000000	,213.500000	,-113.000000	,-398.500000	,-188.000000	,271.500000	,255.500000	,10.500000	,-221.500000	,29.500000	,400.500000	,534.500000	,-68.500000	,-290.500000	,-202.000000	,-39.000000	,291.000000	,51.500000	,35.500000	,125.000000	,145.500000	,175.000000	,106.000000	,52.500000	,93.000000	,-116.500000	,26.500000	,173.000000	,305.500000	,-183.000000	,138.500000	,-56.000000	,320.000000	,-50.500000	,-240.000000	,20.000000	,217.000000	,216.500000	,310.000000	,218.000000	,268.000000	,100.500000	,-34.000000	,89.500000	,148.000000	,113.000000	,138.000000	,-252.000000	,-298.000000	,-497.000000	,-316.000000	,-151.500000	,-336.500000	,110.500000	,142.500000	,238.000000	,-8.000000	,22.000000	,-80.500000	,-122.500000	,-170.500000	,-130.500000	,-25.500000	,115.500000	,150.000000	,-90.000000	,-194.500000	,
-50.000000	,14.000000	,53.000000	,-282.000000	,-52.000000	,-194.500000	,133.000000	,45.500000	,-38.500000	,-87.000000	,-139.500000	,-58.500000	,-94.000000	,281.000000	,330.000000	,382.000000	,621.000000	,299.000000	,271.000000	,-51.500000	,206.000000	,145.000000	,384.000000	,137.000000	,189.000000	,386.500000	,319.000000	,63.000000	,98.000000	,121.000000	,259.500000	,281.000000	,84.000000	,32.000000	,295.500000	,52.000000	,18.500000	,-58.500000	,-50.500000	,111.000000	,116.500000	,174.000000	,173.000000	,180.000000	,-86.500000	,-144.500000	,-419.500000	,-372.000000	,-373.500000	,-93.000000	,-65.500000	,399.000000	,33.000000	,435.500000	,93.000000	,101.000000	,340.500000	,-7.000000	,-504.500000	,-822.500000	,-944.500000	,-228.000000	,-36.000000	,238.000000	,305.000000	,-31.500000	,-237.500000	,-326.500000	,-198.000000	,-98.500000	,9.000000	,133.000000	,31.000000	,-13.000000	,-195.500000	,71.500000	,256.500000	,346.000000	,-205.000000	,-174.500000	,-590.500000	,177.500000	,38.000000	,552.000000	,32.500000	,-20.000000	,-212.000000	,3.500000	,379.500000	,426.000000	,427.500000	,275.000000	,246.500000	,-26.500000	,-39.500000	,-301.500000	,-164.000000	,-193.000000	,-105.500000	,135.500000	,39.500000	,255.500000	,338.500000	,42.500000	,-5.000000	,-14.000000	,44.000000	,266.500000	,425.000000	,267.000000	,52.500000	,-8.500000	,196.000000	,471.500000	,663.500000	,725.000000	,967.500000	,1211.000000	,1162.000000	,695.000000	,191.000000	,-49.500000	,217.000000	,105.000000	,-149.000000	,-283.500000	,-116.500000	,68.500000	,280.000000	,-271.500000	,35.500000	,-247.500000	,311.000000	,-1.500000	,-212.000000	,-136.000000	,51.500000	,280.000000	,113.500000	,-71.500000	,622.000000	,559.500000	,678.500000	,318.000000	,-41.500000	,148.000000	,-170.500000	,85.500000	,-14.500000	,34.500000	,14.000000	,448.500000	,261.000000	,258.500000	,-92.000000	,-560.000000	,-549.500000	,-125.500000	,324.000000	,607.500000	,236.500000	,-148.000000	,-195.000000	,-207.000000	,-171.000000	,-130.500000	,-103.500000	,214.000000	,96.000000	,-146.500000	,-403.000000	,-463.500000	,-88.000000	,-8.000000	,159.500000	,182.500000	,210.500000	,178.500000	,-180.500000	,12.500000	,294.500000	,685.000000	,1138.500000	,889.000000	,748.500000	,71.000000	,19.500000	,-121.500000	,98.500000	,-186.000000	,60.500000	,-67.500000	,-112.500000	,107.000000	,185.000000	,155.500000	,74.500000	,13.000000	,114.500000	,-227.000000	,5.000000	,-185.000000	,26.500000	,-185.500000	,-85.000000	,-48.000000	,9.500000	,73.500000	,-60.000000	,31.000000	,-8.000000	,-195.000000	,-80.000000	,-241.000000	,-101.000000	,40.000000	,71.000000	,166.500000	,-146.500000	,98.000000	,80.500000	,641.000000	,228.500000	,597.500000	,77.500000	,107.500000	,-245.000000	,-44.000000	,5.000000	,43.500000	,49.500000	,39.000000	,-136.500000	,83.000000	,-10.000000	,15.500000	,-48.000000	,-160.500000	,-166.000000	,-99.500000	,
-98.500000	,-160.500000	,-165.000000	,-94.000000	,167.000000	,36.500000	,-19.500000	,0.000000	,-5.500000	,148.500000	,328.500000	,-28.000000	,-132.500000	,-157.000000	,266.500000	,77.500000	,308.000000	,76.000000	,62.500000	,-265.500000	,-516.500000	,-469.500000	,-800.500000	,-456.000000	,-399.500000	,-201.000000	,-446.000000	,-248.000000	,-7.000000	,235.500000	,63.000000	,-395.000000	,-514.000000	,-469.000000	,-296.500000	,-310.000000	,-611.000000	,-326.500000	,-435.500000	,-100.000000	,-434.500000	,-337.500000	,-125.000000	,141.000000	,14.500000	,23.500000	,50.500000	,-132.500000	,185.500000	,45.500000	,171.000000	,286.500000	,394.000000	,92.500000	,209.500000	,23.500000	,104.500000	,126.500000	,-10.000000	,-356.000000	,-495.500000	,-1070.000000	,-546.500000	,-400.000000	,5.000000	,-200.500000	,59.500000	,140.500000	,-91.000000	,-154.000000	,-184.000000	,-11.000000	,195.500000	,267.500000	,332.500000	,-2.000000	,1.500000	,-332.500000	,91.500000	,-225.500000	,68.500000	,-233.000000	,-164.000000	,61.500000	,606.500000	,861.000000	,896.500000	,298.500000	,-186.500000	,-443.000000	,-282.500000	,81.000000	,436.000000	,76.000000	,90.500000	,-17.000000	,82.000000	,-467.000000	,-60.500000	,-542.500000	,-197.500000	,-894.500000	,-276.500000	,-582.000000	,-354.000000	,-347.500000	,47.000000	,-29.000000	,50.500000	,-68.000000	,164.000000	,876.500000	,1213.000000	,1364.000000	,1641.000000	,1538.500000	,1350.000000	,1028.500000	,920.500000	,716.000000	,495.000000	,627.500000	,512.000000	,750.000000	,533.500000	,610.000000	,351.500000	,245.000000	,100.000000	,-129.000000	,305.500000	,123.500000	,579.500000	,652.500000	,588.000000	,340.000000	,124.000000	,-100.500000	,34.500000	,451.000000	,532.500000	,50.000000	,-118.000000	,-84.000000	,301.000000	,90.000000	,71.000000	,-417.500000	,55.500000	,-208.000000	,-38.500000	,-376.500000	,-465.000000	,-614.500000	,-506.000000	,-315.000000	,-114.500000	,-275.500000	,-240.000000	,-596.500000	,-246.000000	,-85.500000	,120.000000	,85.500000	,71.000000	,129.500000	,415.500000	,353.000000	,147.000000	,181.500000	,-72.000000	,399.000000	,77.000000	,-212.000000	,-294.000000	,-304.500000	,-19.500000	,-250.500000	,-160.500000	,108.500000	,806.000000	,1224.500000	,1167.000000	,505.000000	,332.500000	,398.500000	,498.500000	,211.500000	,-70.500000	,-443.000000	,-389.000000	,187.000000	,-131.500000	,-91.000000	,-626.000000	,-654.500000	,-295.500000	,-471.000000	,-23.000000	,-317.000000	,-222.000000	,-106.000000	,91.500000	,62.500000	,148.000000	,-608.500000	,-129.500000	,-132.000000	,223.500000	,40.500000	,97.000000	,-60.000000	,-94.000000	,-404.000000	,-225.500000	,-103.000000	,-184.000000	,-21.500000	,12.000000	,-6.000000	,212.000000	,146.000000	,300.000000	,26.500000	,-11.000000	,222.000000	,-50.500000	,93.000000	,-174.500000	,-174.500000	,-100.500000	,133.000000	,293.000000	,185.000000	,157.500000	,10.500000	,57.000000	,-42.500000	,217.500000	,98.000000	,
-33.000000	,-90.500000	,-73.000000	,-1.500000	,172.500000	,87.000000	,-90.500000	,-101.000000	,-198.500000	,-76.500000	,-181.500000	,-609.000000	,-373.000000	,-523.000000	,-365.500000	,-335.000000	,-349.500000	,-60.000000	,-17.000000	,117.500000	,95.000000	,327.000000	,561.000000	,284.500000	,32.000000	,-165.000000	,-281.500000	,239.500000	,57.500000	,-29.000000	,-123.000000	,-117.000000	,45.000000	,-15.500000	,85.000000	,255.000000	,304.500000	,94.000000	,198.000000	,-268.500000	,-37.500000	,100.500000	,378.500000	,278.000000	,139.500000	,263.500000	,130.000000	,372.000000	,-185.500000	,-103.500000	,-167.000000	,281.000000	,187.000000	,10.000000	,-296.000000	,-378.000000	,-406.000000	,-121.000000	,7.500000	,320.000000	,-436.500000	,-767.000000	,-1122.000000	,-1132.500000	,-488.500000	,-101.500000	,275.500000	,19.000000	,164.500000	,214.000000	,125.500000	,-282.000000	,-487.500000	,-98.500000	,60.000000	,-12.500000	,79.000000	,-10.500000	,-113.000000	,-133.000000	,200.000000	,338.000000	,171.500000	,-353.500000	,12.000000	,519.000000	,773.000000	,821.500000	,238.500000	,297.500000	,121.000000	,213.500000	,-94.500000	,110.500000	,-196.000000	,187.500000	,261.500000	,464.500000	,322.500000	,228.500000	,-27.000000	,-149.000000	,-135.500000	,-52.000000	,124.000000	,179.500000	,134.000000	,285.000000	,-72.000000	,81.000000	,307.000000	,882.000000	,973.500000	,407.000000	,-9.000000	,97.500000	,-33.000000	,-48.000000	,-333.000000	,-122.000000	,115.500000	,259.500000	,207.500000	,-180.000000	,21.000000	,-85.500000	,103.000000	,-50.000000	,-0.500000	,135.000000	,456.000000	,613.000000	,398.500000	,492.000000	,125.500000	,-120.500000	,-309.000000	,-167.000000	,298.500000	,649.000000	,238.000000	,39.500000	,-104.500000	,72.000000	,152.000000	,151.000000	,184.500000	,-8.500000	,26.000000	,-118.000000	,-168.500000	,-328.000000	,-416.000000	,-729.000000	,-660.500000	,-344.500000	,-112.500000	,100.500000	,28.500000	,-250.500000	,-176.500000	,-364.000000	,255.500000	,-1.500000	,309.500000	,2.500000	,-118.500000	,-214.000000	,-260.000000	,250.500000	,53.000000	,368.500000	,-290.000000	,-269.000000	,-62.000000	,7.000000	,298.000000	,164.500000	,818.500000	,800.500000	,724.500000	,214.500000	,57.000000	,73.000000	,347.000000	,114.500000	,-34.500000	,-107.500000	,72.500000	,-17.500000	,-101.000000	,-219.500000	,218.500000	,-302.000000	,29.500000	,-201.500000	,253.000000	,300.500000	,23.000000	,66.000000	,-239.500000	,-101.500000	,221.500000	,448.000000	,561.000000	,177.000000	,370.000000	,416.500000	,390.000000	,52.000000	,71.000000	,201.000000	,240.000000	,269.000000	,213.000000	,91.000000	,42.000000	,-224.000000	,89.500000	,-140.500000	,-21.500000	,-12.000000	,73.500000	,-86.500000	,231.000000	,217.500000	,42.000000	,-373.500000	,-271.500000	,-211.500000	,-276.000000	,-223.500000	,-210.000000	,-223.500000	,-204.000000	,-337.500000	,-172.500000	,-156.500000	,5.500000	,-28.500000	,
-176.500000	,99.000000	,-48.000000	,218.000000	,5.000000	,-1.000000	,-72.000000	,-127.500000	,33.000000	,148.000000	,103.000000	,142.000000	,331.000000	,189.000000	,61.000000	,198.000000	,24.500000	,218.000000	,233.000000	,428.500000	,490.000000	,185.500000	,174.000000	,106.000000	,256.000000	,-211.000000	,108.000000	,-213.500000	,-220.500000	,-213.500000	,-203.000000	,223.000000	,250.000000	,243.500000	,517.500000	,255.000000	,173.000000	,-146.500000	,161.500000	,143.000000	,265.000000	,3.000000	,117.500000	,-314.500000	,-307.500000	,-503.000000	,-102.500000	,-126.000000	,171.000000	,-81.000000	,-42.500000	,-332.500000	,-500.500000	,-412.000000	,-79.000000	,228.000000	,62.000000	,121.000000	,-79.000000	,39.500000	,-15.000000	,169.500000	,-173.000000	,-705.000000	,-1016.000000	,-1207.000000	,-908.500000	,-507.500000	,166.000000	,126.000000	,324.500000	,142.000000	,1.500000	,-312.000000	,-291.000000	,-417.000000	,-105.000000	,138.000000	,247.000000	,341.500000	,382.000000	,636.000000	,729.500000	,455.500000	,227.500000	,-320.500000	,-199.500000	,-215.500000	,419.000000	,363.500000	,-46.500000	,-252.500000	,-501.000000	,145.500000	,205.500000	,62.500000	,49.500000	,152.000000	,-103.000000	,-92.000000	,-528.000000	,-75.500000	,-128.500000	,255.000000	,618.500000	,303.000000	,153.000000	,-179.500000	,372.500000	,484.500000	,397.000000	,31.500000	,-190.500000	,-198.000000	,-137.000000	,-263.000000	,-116.000000	,-56.500000	,286.000000	,326.000000	,414.000000	,87.000000	,-52.000000	,222.500000	,41.000000	,188.000000	,-292.500000	,-100.000000	,-82.000000	,298.000000	,778.500000	,895.000000	,819.500000	,717.000000	,320.000000	,11.000000	,-4.500000	,40.500000	,506.500000	,-165.500000	,-70.000000	,-151.500000	,58.000000	,135.500000	,-179.000000	,-56.000000	,-136.000000	,238.000000	,82.000000	,228.000000	,300.000000	,90.000000	,-248.500000	,-496.000000	,-455.000000	,-25.000000	,159.500000	,53.500000	,-171.500000	,-33.500000	,-355.500000	,22.500000	,-241.000000	,94.000000	,-327.500000	,-308.500000	,-35.500000	,41.000000	,286.500000	,-246.000000	,-339.000000	,-339.000000	,113.000000	,136.500000	,179.500000	,353.000000	,432.000000	,1190.500000	,863.000000	,634.000000	,-120.500000	,-322.000000	,-432.000000	,-336.500000	,-122.000000	,-12.500000	,72.000000	,227.000000	,199.500000	,714.000000	,696.000000	,318.000000	,-75.000000	,-170.500000	,92.000000	,366.500000	,299.000000	,193.500000	,46.500000	,65.000000	,264.000000	,221.000000	,295.000000	,218.000000	,336.000000	,481.500000	,226.000000	,-89.000000	,-651.000000	,-292.000000	,-307.500000	,14.500000	,108.500000	,32.000000	,156.500000	,197.000000	,225.000000	,26.000000	,-119.500000	,-78.000000	,313.000000	,315.000000	,148.500000	,7.000000	,-15.000000	,-260.000000	,-280.000000	,-251.000000	,108.000000	,154.500000	,160.000000	,-287.000000	,-63.500000	,-92.000000	,-246.500000	,193.000000	,-111.000000	,87.000000	,-94.500000	,-121.000000	,
46.500000	,112.000000	,99.000000	,-120.500000	,-156.500000	,-59.500000	,16.000000	,42.500000	,-162.500000	,15.500000	,-357.500000	,-519.000000	,-339.000000	,-7.500000	,240.000000	,61.000000	,-175.500000	,-455.500000	,-243.500000	,-76.000000	,48.500000	,-98.500000	,-153.000000	,-54.000000	,86.000000	,82.000000	,104.000000	,178.500000	,205.500000	,-2.500000	,226.000000	,-72.500000	,-169.000000	,-181.500000	,-96.000000	,94.000000	,139.500000	,-77.000000	,-197.500000	,-300.000000	,-102.500000	,-77.000000	,0.000000	,-117.000000	,-192.000000	,-57.500000	,-22.000000	,22.000000	,84.000000	,10.000000	,-134.500000	,-505.000000	,-315.000000	,-119.500000	,199.500000	,121.000000	,71.000000	,-145.000000	,-205.500000	,-339.000000	,-1.500000	,52.500000	,199.500000	,109.500000	,-492.500000	,-755.500000	,-873.000000	,-357.000000	,-15.000000	,314.500000	,151.000000	,399.500000	,421.500000	,574.500000	,226.000000	,131.000000	,6.000000	,88.500000	,473.500000	,306.000000	,262.000000	,-422.500000	,-372.000000	,-312.500000	,-245.000000	,-10.000000	,83.500000	,540.000000	,607.500000	,145.500000	,-30.500000	,-368.000000	,-6.500000	,-275.500000	,-135.000000	,-300.500000	,-118.500000	,-219.000000	,104.000000	,-112.000000	,-106.000000	,-830.500000	,-426.500000	,-536.000000	,-21.500000	,-159.000000	,5.500000	,-191.000000	,-171.000000	,-151.500000	,38.500000	,-89.000000	,-68.500000	,-236.500000	,-47.500000	,-129.500000	,74.000000	,-200.000000	,-94.500000	,-7.000000	,145.500000	,74.500000	,-41.500000	,-40.000000	,170.500000	,66.000000	,140.000000	,88.500000	,17.000000	,255.000000	,199.500000	,262.500000	,413.000000	,803.500000	,916.000000	,1046.500000	,310.000000	,255.500000	,-163.500000	,-49.500000	,81.500000	,221.000000	,42.000000	,-189.500000	,-61.500000	,-82.500000	,60.500000	,-132.000000	,2.000000	,-178.000000	,-356.000000	,-739.500000	,-556.000000	,-270.500000	,59.500000	,-47.000000	,278.500000	,-298.500000	,-73.500000	,-170.500000	,47.000000	,130.500000	,-103.000000	,117.500000	,144.500000	,375.000000	,329.500000	,174.500000	,95.000000	,43.500000	,110.000000	,123.000000	,158.000000	,184.500000	,279.000000	,236.000000	,556.500000	,734.500000	,445.000000	,-15.000000	,-81.500000	,32.500000	,-73.500000	,-215.500000	,-176.500000	,-226.000000	,125.000000	,-40.000000	,423.000000	,113.000000	,327.500000	,-172.500000	,-195.500000	,-106.500000	,50.000000	,282.000000	,-7.500000	,249.500000	,103.000000	,217.000000	,150.500000	,41.000000	,135.000000	,-36.500000	,-91.000000	,-144.000000	,-107.500000	,-300.000000	,-229.000000	,-88.500000	,-197.000000	,-147.500000	,-131.500000	,-348.000000	,-98.000000	,-123.500000	,265.500000	,-81.000000	,-39.500000	,-219.000000	,-110.500000	,-74.000000	,-260.000000	,-250.000000	,-335.500000	,-131.500000	,18.500000	,44.000000	,-222.500000	,-165.000000	,16.500000	,224.000000	,317.500000	,256.000000	,323.500000	,173.000000	,200.500000	,83.500000	,80.500000	,31.000000	,
-84.000000	,47.500000	,150.000000	,-83.500000	,-94.000000	,-440.000000	,-344.000000	,-75.500000	,-122.000000	,83.500000	,-450.500000	,-100.500000	,30.500000	,229.500000	,68.000000	,-211.500000	,119.000000	,174.000000	,-82.500000	,-394.500000	,-618.000000	,-343.000000	,-258.500000	,-18.500000	,-29.000000	,80.500000	,-113.000000	,43.500000	,259.500000	,581.000000	,301.000000	,21.500000	,33.000000	,130.500000	,-326.500000	,-318.000000	,-474.500000	,236.500000	,10.000000	,269.000000	,-125.500000	,-37.000000	,-181.500000	,321.000000	,144.500000	,18.000000	,-397.500000	,-322.000000	,-11.000000	,110.000000	,-89.000000	,-43.000000	,-153.000000	,280.000000	,283.000000	,81.500000	,229.500000	,-255.500000	,-266.500000	,-273.000000	,236.000000	,108.500000	,293.500000	,-8.000000	,341.500000	,304.000000	,-135.000000	,-436.500000	,-1242.000000	,-700.500000	,-499.500000	,-311.000000	,-78.000000	,-306.000000	,29.500000	,149.500000	,100.000000	,-76.500000	,-254.000000	,-307.500000	,-227.500000	,-516.500000	,-439.000000	,-265.000000	,-412.000000	,217.500000	,151.000000	,329.500000	,591.500000	,517.000000	,827.000000	,171.500000	,-113.000000	,-124.000000	,112.500000	,218.500000	,70.000000	,382.000000	,212.500000	,355.000000	,-154.500000	,100.500000	,182.500000	,491.000000	,75.500000	,278.500000	,-20.000000	,50.500000	,27.000000	,-110.500000	,78.000000	,133.500000	,291.500000	,243.500000	,134.000000	,221.000000	,23.500000	,206.000000	,-138.500000	,35.000000	,-103.000000	,-265.000000	,-265.000000	,-482.000000	,-378.500000	,-136.000000	,-8.500000	,20.000000	,16.000000	,-53.000000	,-51.500000	,-123.500000	,-39.000000	,-244.500000	,456.500000	,735.000000	,1296.000000	,1491.000000	,868.000000	,922.000000	,173.000000	,145.500000	,-302.500000	,-162.000000	,65.000000	,112.000000	,95.000000	,-186.500000	,-107.000000	,-59.000000	,-614.500000	,-358.500000	,-339.000000	,231.000000	,-291.500000	,-122.500000	,-473.500000	,-14.000000	,171.000000	,199.500000	,295.000000	,-188.500000	,-27.500000	,-16.000000	,454.000000	,531.500000	,73.000000	,-419.000000	,-225.500000	,-12.500000	,101.000000	,-8.500000	,11.000000	,535.000000	,635.000000	,872.500000	,220.500000	,150.500000	,-180.500000	,-117.000000	,75.000000	,293.500000	,441.000000	,427.000000	,328.500000	,206.500000	,-66.500000	,45.500000	,-173.000000	,-258.500000	,-418.000000	,-303.000000	,451.500000	,302.000000	,419.500000	,95.000000	,-176.000000	,-101.500000	,-126.500000	,-92.500000	,-65.000000	,-262.500000	,-131.000000	,-221.500000	,-144.500000	,-144.500000	,-128.000000	,80.000000	,20.500000	,-4.500000	,-127.500000	,-95.500000	,-236.000000	,204.000000	,120.000000	,119.000000	,91.000000	,159.000000	,292.500000	,205.000000	,-342.500000	,-216.500000	,-450.000000	,-92.000000	,49.500000	,364.000000	,320.000000	,115.500000	,-235.500000	,-181.500000	,-145.000000	,-41.000000	,-98.500000	,43.500000	,134.000000	,205.000000	,304.000000	,159.000000	,-96.500000	,-268.000000	,
-244.000000	,-238.500000	,-304.500000	,-97.000000	,-10.500000	,-132.000000	,-18.000000	,-5.500000	,186.500000	,21.000000	,323.000000	,752.500000	,724.500000	,788.500000	,553.000000	,586.000000	,241.500000	,86.500000	,295.000000	,347.000000	,461.000000	,341.000000	,45.500000	,-419.000000	,-243.000000	,-113.500000	,-24.000000	,-381.000000	,-380.000000	,-465.000000	,-90.000000	,-87.000000	,308.500000	,-103.000000	,41.500000	,-145.500000	,-19.500000	,239.500000	,61.500000	,358.000000	,335.000000	,144.000000	,70.500000	,204.000000	,161.500000	,390.500000	,120.500000	,337.000000	,272.500000	,93.500000	,74.500000	,-280.500000	,-253.500000	,-476.500000	,-282.000000	,-581.000000	,-235.500000	,-174.000000	,-129.500000	,-265.000000	,13.000000	,52.000000	,3.000000	,-139.500000	,-264.500000	,-128.000000	,137.500000	,-164.500000	,-630.000000	,-1008.500000	,-663.000000	,-340.000000	,-258.500000	,181.000000	,98.000000	,-66.500000	,68.000000	,-437.500000	,114.500000	,-219.000000	,-37.500000	,27.500000	,233.000000	,248.000000	,359.000000	,50.500000	,-5.000000	,-93.000000	,-101.000000	,538.500000	,552.500000	,811.000000	,674.000000	,682.500000	,531.500000	,0.500000	,-561.500000	,-709.500000	,-426.500000	,-239.000000	,546.500000	,974.500000	,884.000000	,396.000000	,39.500000	,31.500000	,-163.500000	,100.000000	,88.500000	,181.500000	,-61.500000	,12.000000	,-75.000000	,-195.000000	,-175.500000	,-187.500000	,200.000000	,178.500000	,444.500000	,58.500000	,48.000000	,-134.500000	,123.000000	,-167.500000	,16.500000	,-89.500000	,-40.000000	,-43.500000	,-94.000000	,-16.000000	,-68.500000	,48.000000	,-27.000000	,94.000000	,-74.000000	,161.000000	,197.500000	,555.000000	,250.500000	,317.500000	,120.000000	,57.000000	,-236.000000	,-179.500000	,-8.000000	,-50.500000	,99.500000	,-238.000000	,-347.500000	,-1051.500000	,-294.500000	,-506.000000	,400.000000	,22.000000	,199.000000	,221.000000	,512.500000	,413.500000	,358.000000	,49.500000	,-221.000000	,-110.500000	,62.000000	,264.000000	,297.500000	,84.000000	,-222.000000	,47.500000	,159.500000	,352.500000	,662.500000	,1019.500000	,1390.500000	,978.000000	,854.000000	,219.000000	,277.000000	,92.000000	,86.500000	,-13.000000	,-84.500000	,-323.500000	,-113.000000	,-164.000000	,-142.000000	,-131.500000	,-240.500000	,-441.000000	,-644.500000	,-693.500000	,-433.000000	,-222.500000	,-47.000000	,100.000000	,157.000000	,233.000000	,102.000000	,-12.500000	,-322.500000	,-194.500000	,-467.500000	,-286.500000	,-419.500000	,-144.000000	,-143.000000	,-83.500000	,343.000000	,217.000000	,319.000000	,-77.500000	,-12.000000	,-5.500000	,-125.500000	,-41.000000	,35.000000	,65.000000	,64.000000	,357.500000	,403.000000	,411.000000	,297.500000	,232.000000	,260.000000	,238.000000	,353.500000	,53.000000	,-177.000000	,3.500000	,4.000000	,5.000000	,-272.000000	,-118.000000	,-133.500000	,-21.000000	,-27.000000	,-21.000000	,-130.500000	,-175.500000	,-346.500000	,-184.000000	,
-2.500000	,-91.500000	,-46.500000	,-257.500000	,139.000000	,377.500000	,-29.500000	,9.000000	,-516.000000	,-133.500000	,-21.000000	,446.000000	,254.500000	,682.500000	,665.500000	,776.500000	,860.000000	,637.500000	,873.000000	,319.500000	,99.000000	,-358.500000	,-228.500000	,-284.000000	,-156.000000	,233.000000	,593.500000	,253.000000	,133.500000	,-386.000000	,-360.500000	,-436.500000	,-261.500000	,-34.500000	,272.000000	,212.000000	,227.000000	,-541.000000	,-140.000000	,-188.500000	,130.000000	,-438.000000	,-563.000000	,-645.500000	,-212.000000	,1.500000	,461.500000	,375.500000	,234.500000	,-105.500000	,-155.000000	,87.000000	,26.500000	,107.500000	,16.000000	,16.000000	,277.500000	,187.500000	,240.000000	,306.000000	,-7.500000	,-316.500000	,-106.000000	,-11.500000	,379.500000	,19.500000	,124.500000	,110.000000	,302.000000	,-229.000000	,-700.000000	,-798.000000	,-616.000000	,-572.000000	,-338.000000	,-176.000000	,-85.000000	,99.500000	,78.000000	,387.000000	,519.500000	,665.500000	,557.000000	,55.500000	,-232.000000	,-34.500000	,2.500000	,458.000000	,-8.500000	,87.000000	,529.500000	,905.500000	,1190.500000	,93.500000	,-74.500000	,-11.500000	,261.500000	,433.000000	,555.500000	,1161.500000	,1284.000000	,1118.000000	,516.500000	,124.000000	,195.000000	,220.500000	,99.500000	,-110.000000	,-195.500000	,-7.500000	,-168.000000	,-195.000000	,-154.500000	,-86.500000	,34.000000	,59.500000	,50.000000	,-82.000000	,-125.500000	,-242.500000	,-39.000000	,83.000000	,325.000000	,553.000000	,447.500000	,267.000000	,190.000000	,-26.500000	,156.000000	,-139.000000	,89.000000	,49.000000	,88.000000	,26.000000	,234.000000	,252.000000	,276.500000	,187.000000	,387.500000	,144.500000	,594.000000	,187.000000	,307.000000	,-98.500000	,7.500000	,6.000000	,34.500000	,-194.000000	,-916.500000	,-587.500000	,-782.500000	,-157.500000	,-99.500000	,211.500000	,221.000000	,214.500000	,-84.500000	,-243.000000	,-465.500000	,-277.500000	,30.500000	,259.500000	,297.500000	,-157.500000	,-261.500000	,-349.500000	,-117.500000	,111.500000	,361.000000	,681.000000	,1129.000000	,703.500000	,460.000000	,-50.000000	,-199.000000	,-238.000000	,-466.000000	,-349.000000	,-239.500000	,-135.000000	,-28.000000	,-24.500000	,-24.000000	,-144.000000	,43.500000	,-133.000000	,-378.000000	,181.000000	,53.000000	,560.500000	,94.500000	,182.000000	,-117.000000	,-359.000000	,-310.000000	,-487.500000	,16.500000	,-36.500000	,126.500000	,279.000000	,-113.000000	,-52.000000	,-408.500000	,-362.000000	,-18.000000	,67.500000	,257.500000	,51.000000	,153.000000	,-158.500000	,180.500000	,-257.000000	,166.500000	,-226.500000	,-29.000000	,-244.000000	,-345.500000	,-104.000000	,-363.000000	,-233.000000	,-266.000000	,-237.500000	,-348.000000	,-570.000000	,-732.000000	,-835.500000	,-783.000000	,-468.500000	,19.000000	,-92.500000	,435.000000	,42.000000	,207.500000	,-73.500000	,10.000000	,-63.500000	,-129.500000	,70.000000	,59.500000	,204.000000	,
72.500000	,331.500000	,270.500000	,429.000000	,283.000000	,289.000000	,79.000000	,39.500000	,-84.000000	,-75.500000	,-192.500000	,-380.500000	,-25.000000	,310.000000	,318.000000	,531.000000	,999.500000	,1026.500000	,592.000000	,363.000000	,340.500000	,754.000000	,786.000000	,761.000000	,223.500000	,-83.000000	,-480.000000	,-137.500000	,-26.000000	,355.000000	,439.500000	,288.000000	,263.500000	,190.500000	,68.500000	,9.500000	,-120.500000	,85.500000	,-25.500000	,41.000000	,-132.500000	,180.500000	,-35.500000	,324.000000	,114.000000	,40.000000	,-133.000000	,-415.500000	,-411.500000	,-181.500000	,-137.000000	,159.000000	,366.500000	,473.000000	,150.000000	,154.500000	,-254.000000	,32.500000	,85.000000	,338.000000	,127.500000	,307.500000	,-244.500000	,113.500000	,-38.500000	,-52.500000	,-16.000000	,-293.000000	,-9.500000	,-112.000000	,199.000000	,-7.000000	,-389.500000	,-726.500000	,-498.000000	,87.500000	,310.000000	,304.500000	,-129.500000	,80.000000	,-80.500000	,126.000000	,85.500000	,48.000000	,-262.000000	,-29.000000	,-55.000000	,-60.500000	,-20.500000	,119.000000	,-13.000000	,632.500000	,298.000000	,190.000000	,-572.500000	,-458.000000	,281.000000	,1040.000000	,1244.500000	,1163.500000	,567.000000	,118.500000	,-288.000000	,-70.500000	,-346.500000	,-18.500000	,53.000000	,266.000000	,145.500000	,60.500000	,-79.000000	,117.000000	,109.000000	,307.000000	,152.500000	,-34.500000	,-45.500000	,-206.500000	,3.500000	,23.500000	,139.000000	,258.000000	,111.500000	,135.500000	,31.500000	,-66.500000	,0.000000	,58.500000	,187.500000	,78.000000	,2.000000	,72.000000	,106.000000	,133.000000	,155.500000	,162.000000	,242.500000	,119.000000	,111.500000	,44.000000	,132.500000	,230.500000	,212.000000	,180.500000	,46.500000	,51.500000	,-102.000000	,-484.500000	,-314.500000	,-103.500000	,-13.000000	,91.500000	,-94.500000	,-192.000000	,-271.500000	,-379.500000	,-413.500000	,-555.500000	,-228.000000	,54.500000	,384.500000	,257.000000	,173.500000	,-258.000000	,-46.000000	,-130.000000	,144.500000	,-56.500000	,140.500000	,-110.000000	,167.000000	,73.000000	,-180.000000	,106.500000	,-4.500000	,29.500000	,-19.500000	,-249.500000	,-124.500000	,-362.500000	,-334.500000	,-240.000000	,-266.500000	,-22.000000	,-15.500000	,23.500000	,-42.000000	,233.000000	,339.000000	,-98.500000	,241.000000	,-32.000000	,463.000000	,374.500000	,251.000000	,55.000000	,-98.000000	,-218.500000	,119.000000	,-24.000000	,700.500000	,184.500000	,476.500000	,227.500000	,204.000000	,128.500000	,-311.000000	,-10.500000	,380.000000	,402.000000	,243.000000	,-69.000000	,236.000000	,223.000000	,219.000000	,170.000000	,142.500000	,82.000000	,-198.000000	,-468.500000	,-518.000000	,-490.000000	,-649.000000	,-1089.000000	,-905.500000	,-1474.500000	,-842.000000	,-1370.500000	,-654.500000	,-515.000000	,96.500000	,220.000000	,-112.500000	,25.000000	,122.500000	,67.000000	,137.000000	,99.500000	,127.500000	,-57.000000	,
-28.500000	,102.000000	,217.500000	,202.000000	,129.500000	,-165.000000	,217.000000	,35.500000	,444.000000	,104.000000	,-101.500000	,-157.500000	,-187.000000	,-50.500000	,63.500000	,13.000000	,-65.000000	,-34.000000	,-91.000000	,665.000000	,933.000000	,1413.500000	,1345.000000	,850.500000	,954.500000	,626.000000	,608.000000	,793.500000	,306.000000	,382.500000	,-62.500000	,242.000000	,200.000000	,137.500000	,-29.000000	,-35.500000	,131.500000	,208.500000	,148.500000	,-75.500000	,-72.500000	,78.000000	,210.500000	,-87.000000	,-134.000000	,-378.000000	,-141.000000	,-513.000000	,-176.500000	,-228.500000	,9.000000	,-113.000000	,-60.000000	,-71.000000	,0.500000	,207.000000	,-40.500000	,17.000000	,-161.500000	,-233.000000	,-236.000000	,-108.000000	,98.500000	,-165.000000	,-313.000000	,-99.000000	,49.500000	,109.500000	,-203.500000	,-430.500000	,-232.500000	,-264.500000	,-144.000000	,-290.500000	,-421.000000	,-801.000000	,-309.000000	,-147.000000	,142.500000	,-129.000000	,-202.500000	,-169.500000	,-182.500000	,-181.000000	,-107.000000	,-81.000000	,16.500000	,-298.000000	,-54.000000	,-127.500000	,-268.500000	,-352.500000	,176.500000	,646.000000	,913.500000	,573.500000	,875.000000	,632.000000	,470.000000	,12.500000	,-184.500000	,-114.000000	,-316.500000	,-85.500000	,-324.500000	,-87.500000	,-153.500000	,73.500000	,-74.000000	,-141.500000	,-26.000000	,109.500000	,-4.500000	,-28.000000	,-67.000000	,167.500000	,45.500000	,391.500000	,347.000000	,294.500000	,-87.500000	,-53.500000	,-164.500000	,-143.500000	,-109.500000	,16.000000	,77.500000	,215.000000	,115.000000	,11.000000	,-266.000000	,-284.000000	,-222.000000	,-81.000000	,-64.500000	,-81.000000	,-48.000000	,-124.000000	,-172.000000	,-173.500000	,-108.000000	,254.000000	,447.000000	,368.500000	,-128.500000	,-535.500000	,-708.500000	,-374.000000	,-19.000000	,243.500000	,224.500000	,53.500000	,-76.500000	,-367.000000	,-362.000000	,-334.000000	,-15.500000	,-24.500000	,197.000000	,191.500000	,-218.500000	,-390.000000	,-255.500000	,206.500000	,224.000000	,215.000000	,540.500000	,743.000000	,838.500000	,-46.500000	,-408.000000	,-424.000000	,-328.500000	,-12.000000	,-290.000000	,130.000000	,-25.000000	,284.000000	,271.500000	,681.000000	,628.000000	,322.000000	,130.500000	,-28.000000	,-28.500000	,205.000000	,224.000000	,190.500000	,155.000000	,80.500000	,160.000000	,177.000000	,-99.500000	,101.000000	,-180.000000	,-119.000000	,-52.500000	,-31.000000	,197.000000	,-31.000000	,176.500000	,194.000000	,236.000000	,180.000000	,14.000000	,-170.000000	,-237.000000	,-75.000000	,-376.000000	,-188.000000	,-36.500000	,-6.500000	,159.000000	,-169.500000	,35.000000	,-218.000000	,-373.000000	,-648.000000	,-956.000000	,-541.000000	,-729.000000	,-674.500000	,-788.000000	,-591.500000	,-56.500000	,146.000000	,-215.000000	,-258.500000	,-574.500000	,-347.000000	,-521.000000	,-167.000000	,-42.500000	,-97.500000	,0.000000	,-90.000000	,-9.500000	,-117.500000	,-36.500000	,-122.500000	,
-105.000000	,-45.500000	,-48.000000	,-103.500000	,-100.500000	,-69.500000	,133.500000	,245.000000	,253.000000	,324.500000	,418.500000	,530.000000	,298.000000	,-38.000000	,-34.500000	,-30.000000	,6.000000	,56.500000	,334.000000	,581.500000	,115.500000	,-30.500000	,-116.500000	,346.000000	,762.500000	,1159.000000	,1291.000000	,1125.500000	,1018.000000	,509.000000	,-78.000000	,-188.000000	,-319.500000	,-234.500000	,-257.000000	,-131.500000	,-86.500000	,17.500000	,-177.500000	,54.000000	,279.500000	,-72.000000	,276.000000	,10.000000	,240.500000	,-9.500000	,-261.500000	,55.000000	,65.000000	,298.500000	,312.500000	,289.500000	,-150.500000	,-317.000000	,-244.500000	,-133.500000	,-55.000000	,-220.500000	,-113.000000	,-280.000000	,-134.000000	,-292.500000	,107.000000	,-30.000000	,293.000000	,300.000000	,-14.500000	,-14.500000	,209.000000	,45.000000	,-60.500000	,-470.500000	,-357.500000	,-256.500000	,-700.500000	,-1309.500000	,-1389.000000	,-1507.000000	,-685.500000	,-571.500000	,-95.000000	,-194.000000	,-256.500000	,-37.000000	,-11.000000	,113.000000	,120.000000	,-105.500000	,46.000000	,-260.000000	,-143.500000	,-91.000000	,131.000000	,853.500000	,808.000000	,1729.000000	,781.500000	,660.500000	,58.500000	,19.000000	,138.500000	,34.000000	,-81.000000	,-89.500000	,-32.500000	,192.000000	,76.500000	,-24.000000	,-131.000000	,-108.500000	,-219.000000	,-80.000000	,-90.000000	,-189.500000	,-162.000000	,8.500000	,61.000000	,11.500000	,5.500000	,-20.000000	,39.500000	,23.000000	,-73.000000	,84.500000	,-32.500000	,81.500000	,-61.500000	,-159.000000	,-169.500000	,-212.500000	,-156.500000	,-84.500000	,-263.000000	,27.500000	,95.500000	,132.500000	,45.500000	,-162.500000	,5.000000	,-52.500000	,-71.500000	,-101.000000	,-89.500000	,-88.500000	,-159.500000	,-709.000000	,-427.000000	,-628.000000	,70.000000	,78.500000	,123.000000	,62.500000	,162.500000	,349.500000	,312.500000	,380.500000	,293.000000	,261.000000	,407.500000	,267.000000	,6.500000	,52.000000	,9.500000	,585.000000	,1088.500000	,1396.000000	,974.000000	,639.000000	,151.500000	,225.000000	,179.000000	,-135.500000	,146.500000	,-66.500000	,385.500000	,391.500000	,640.000000	,287.000000	,-15.000000	,-209.500000	,-228.500000	,-267.500000	,100.500000	,-136.500000	,3.000000	,-55.000000	,201.000000	,240.000000	,377.000000	,448.500000	,230.500000	,212.000000	,103.500000	,95.500000	,212.500000	,158.000000	,203.500000	,176.500000	,104.500000	,325.000000	,73.000000	,-45.500000	,-234.500000	,-483.000000	,-378.000000	,-186.500000	,266.500000	,263.500000	,9.000000	,20.000000	,14.000000	,75.000000	,-269.500000	,-484.000000	,-686.500000	,-798.500000	,-1226.000000	,-889.000000	,-678.500000	,-567.000000	,-486.500000	,-308.500000	,81.000000	,263.500000	,70.500000	,390.000000	,256.500000	,286.000000	,95.000000	,-2.000000	,-269.000000	,63.500000	,45.500000	,113.000000	,0.000000	,58.000000	,92.500000	,139.500000	,48.000000	,110.000000	,
-137.500000	,-33.000000	,-66.000000	,-176.500000	,-71.500000	,-24.500000	,125.000000	,59.000000	,-67.500000	,-96.000000	,-56.000000	,-176.000000	,-65.000000	,-418.500000	,-167.500000	,-488.000000	,-147.000000	,-448.000000	,-39.500000	,-103.500000	,170.500000	,12.500000	,-44.000000	,-126.500000	,-583.500000	,-245.000000	,-302.500000	,-104.000000	,499.500000	,954.500000	,998.500000	,843.500000	,482.000000	,730.500000	,437.000000	,387.500000	,-151.000000	,36.500000	,-147.000000	,156.000000	,-69.000000	,69.000000	,-110.500000	,-113.000000	,-121.000000	,-98.000000	,2.000000	,165.500000	,312.500000	,-49.500000	,128.000000	,-39.500000	,346.500000	,459.000000	,292.500000	,402.500000	,146.000000	,335.000000	,380.000000	,271.000000	,19.500000	,295.000000	,111.000000	,252.000000	,231.000000	,123.000000	,-309.000000	,-420.000000	,-449.000000	,-176.000000	,-462.500000	,28.500000	,52.000000	,415.000000	,25.500000	,36.000000	,-368.500000	,-626.000000	,-864.500000	,-900.000000	,-281.000000	,165.500000	,351.000000	,205.000000	,262.500000	,250.500000	,208.500000	,-184.500000	,60.500000	,-97.000000	,350.000000	,53.500000	,91.000000	,-125.000000	,564.000000	,387.500000	,437.500000	,-205.000000	,-172.000000	,-102.000000	,-69.500000	,76.000000	,371.000000	,304.000000	,419.000000	,-21.500000	,10.000000	,-306.000000	,-55.500000	,-138.000000	,34.500000	,-137.500000	,-107.000000	,56.500000	,-107.500000	,-69.000000	,-53.000000	,-60.500000	,-116.000000	,-0.500000	,-3.000000	,97.500000	,24.500000	,22.500000	,42.000000	,-24.000000	,6.000000	,-195.000000	,-187.500000	,-172.500000	,256.500000	,300.000000	,211.500000	,-243.000000	,-226.500000	,-223.500000	,-97.500000	,18.500000	,238.000000	,223.000000	,5.000000	,-69.000000	,-174.000000	,184.000000	,-14.000000	,217.500000	,-473.500000	,-489.500000	,-58.000000	,-30.500000	,222.000000	,-154.500000	,104.000000	,-7.500000	,158.000000	,100.000000	,-32.000000	,-284.000000	,-315.500000	,-442.500000	,-192.500000	,190.000000	,246.500000	,531.000000	,335.000000	,281.500000	,228.000000	,-454.000000	,42.000000	,-98.000000	,428.500000	,385.500000	,36.500000	,-141.000000	,-52.500000	,-186.000000	,38.500000	,-19.000000	,-5.000000	,-130.000000	,147.500000	,-172.000000	,56.500000	,-107.000000	,5.000000	,-2.500000	,-86.000000	,20.500000	,-118.000000	,-356.000000	,-69.000000	,-328.000000	,1.000000	,-92.000000	,-124.000000	,16.000000	,-365.500000	,-173.000000	,-463.500000	,-326.500000	,-78.000000	,220.000000	,325.500000	,426.000000	,254.000000	,45.500000	,-338.000000	,-370.500000	,-360.000000	,-72.500000	,-476.000000	,-363.000000	,-782.500000	,-751.500000	,-1201.500000	,-1022.000000	,-821.500000	,-216.000000	,311.000000	,486.500000	,228.000000	,343.500000	,324.500000	,309.000000	,120.000000	,42.000000	,91.500000	,117.000000	,-79.500000	,90.000000	,-213.000000	,-24.000000	,73.500000	,-79.500000	,-39.000000	,-2.500000	,27.500000	,30.500000	,199.500000	,129.500000	,
-13.500000	,8.500000	,-32.500000	,-12.500000	,100.000000	,91.000000	,-42.000000	,-114.000000	,-210.000000	,-286.000000	,-207.500000	,185.000000	,312.500000	,587.000000	,582.000000	,228.500000	,-35.500000	,-374.000000	,-350.500000	,-664.500000	,-267.500000	,-423.500000	,12.000000	,-285.500000	,112.500000	,64.000000	,232.500000	,152.000000	,72.000000	,256.500000	,736.500000	,1320.500000	,1576.500000	,1326.500000	,1140.500000	,793.500000	,738.000000	,575.000000	,550.500000	,-15.000000	,94.500000	,-216.000000	,119.000000	,-341.000000	,-233.500000	,-87.000000	,166.000000	,154.000000	,-94.500000	,76.000000	,-166.500000	,207.000000	,-9.000000	,-48.000000	,182.000000	,-17.500000	,386.500000	,176.500000	,38.500000	,-88.500000	,-66.500000	,22.000000	,-196.500000	,-86.500000	,-156.000000	,-10.000000	,-65.000000	,86.000000	,27.500000	,-11.500000	,138.000000	,420.500000	,-8.000000	,50.000000	,-93.500000	,146.000000	,111.000000	,223.000000	,-322.000000	,-763.500000	,-1084.500000	,-964.500000	,-217.000000	,-133.500000	,-28.500000	,-435.500000	,-295.500000	,-105.000000	,209.000000	,215.500000	,220.000000	,0.500000	,-349.500000	,-198.500000	,-170.000000	,-125.500000	,-66.500000	,-284.000000	,-295.000000	,-112.000000	,-115.500000	,9.500000	,164.000000	,106.500000	,-79.000000	,-215.000000	,-77.500000	,-187.000000	,-90.000000	,29.000000	,-149.500000	,-104.500000	,109.000000	,357.500000	,413.000000	,79.000000	,-95.000000	,-105.500000	,-216.500000	,-96.000000	,-12.500000	,52.000000	,-26.000000	,-7.500000	,-117.000000	,-44.500000	,9.500000	,155.500000	,72.500000	,-13.000000	,-201.000000	,-175.500000	,118.000000	,-80.000000	,97.000000	,-291.000000	,-120.000000	,-7.500000	,25.500000	,16.500000	,71.000000	,-14.500000	,67.000000	,-163.000000	,536.000000	,917.000000	,1112.000000	,530.500000	,-106.000000	,-292.500000	,-462.000000	,-137.000000	,-197.500000	,-175.000000	,-337.500000	,-374.500000	,-396.500000	,-139.000000	,-58.000000	,145.500000	,454.500000	,1133.000000	,907.500000	,615.000000	,-15.000000	,-114.000000	,-171.000000	,-27.500000	,-168.000000	,326.000000	,243.500000	,347.000000	,-309.000000	,-114.000000	,-261.500000	,46.000000	,129.500000	,-125.500000	,59.000000	,201.000000	,269.500000	,-21.000000	,31.000000	,137.000000	,395.500000	,319.500000	,-49.500000	,-145.000000	,-208.000000	,-344.000000	,-198.500000	,-372.500000	,-143.000000	,-111.500000	,-27.000000	,-179.500000	,-87.500000	,-107.000000	,-59.500000	,47.500000	,49.500000	,-257.500000	,-235.000000	,-293.500000	,-47.000000	,-314.000000	,-403.500000	,-843.000000	,-788.500000	,-815.500000	,-951.000000	,-1196.000000	,-515.500000	,-386.000000	,261.000000	,270.500000	,250.000000	,230.000000	,-280.500000	,-385.000000	,-584.000000	,-412.500000	,-391.000000	,-44.500000	,-139.500000	,-203.000000	,-429.000000	,-339.000000	,-198.500000	,-257.500000	,-407.000000	,-327.000000	,39.000000	,48.000000	,-9.000000	,-199.500000	,-157.500000	,-215.000000	,-56.000000	,-109.500000	,
-51.000000	,-32.000000	,-154.500000	,-13.500000	,-57.000000	,127.500000	,-21.000000	,137.000000	,-92.500000	,146.500000	,-108.500000	,123.500000	,-195.000000	,-178.500000	,-290.500000	,-83.500000	,350.500000	,635.500000	,652.000000	,415.500000	,59.500000	,-246.500000	,-400.500000	,-200.500000	,129.500000	,138.000000	,-391.500000	,-241.000000	,-85.000000	,42.500000	,-80.000000	,-88.500000	,-130.500000	,-247.000000	,27.500000	,457.000000	,1232.500000	,1120.500000	,999.500000	,704.500000	,591.000000	,465.500000	,284.500000	,162.000000	,235.500000	,482.000000	,413.000000	,-159.500000	,-329.000000	,-231.500000	,-18.000000	,15.500000	,67.500000	,-35.500000	,-76.500000	,-99.500000	,70.500000	,-204.500000	,-230.500000	,-385.500000	,-150.000000	,-490.500000	,-229.500000	,-101.500000	,95.500000	,-61.000000	,-32.500000	,173.500000	,319.000000	,216.500000	,374.000000	,26.500000	,-25.000000	,-114.000000	,119.500000	,46.000000	,227.500000	,72.000000	,89.500000	,222.000000	,-307.500000	,-532.500000	,-1212.000000	,-720.500000	,-552.500000	,-277.500000	,-319.000000	,284.500000	,299.000000	,379.000000	,188.500000	,159.500000	,-7.000000	,-21.500000	,48.500000	,266.500000	,198.000000	,52.000000	,65.000000	,-100.000000	,-41.500000	,-69.000000	,-157.500000	,-172.500000	,-236.500000	,11.000000	,-42.000000	,355.000000	,325.500000	,225.500000	,-10.500000	,-464.500000	,-372.500000	,-265.500000	,-59.500000	,-177.000000	,-11.000000	,-189.500000	,94.000000	,-168.000000	,-103.500000	,-187.500000	,118.500000	,214.500000	,186.000000	,-46.500000	,-201.000000	,-117.000000	,57.500000	,219.000000	,118.500000	,155.500000	,18.000000	,317.000000	,182.000000	,205.000000	,74.500000	,152.500000	,102.500000	,-189.000000	,-106.500000	,-305.000000	,-155.000000	,-87.000000	,-68.500000	,604.500000	,965.500000	,1330.000000	,631.000000	,22.500000	,141.500000	,16.500000	,113.000000	,31.500000	,195.500000	,361.500000	,382.500000	,240.500000	,583.500000	,1079.500000	,1272.000000	,859.000000	,512.000000	,117.000000	,175.500000	,168.500000	,247.500000	,394.500000	,72.000000	,-90.000000	,-202.500000	,102.500000	,354.500000	,358.000000	,2.500000	,-133.000000	,-91.000000	,275.500000	,-234.000000	,-52.500000	,-284.000000	,-45.000000	,-37.500000	,-30.000000	,-126.000000	,23.000000	,119.000000	,-32.500000	,-42.000000	,-25.000000	,249.500000	,291.000000	,129.000000	,80.500000	,-154.000000	,217.500000	,175.500000	,297.500000	,184.500000	,-38.000000	,-39.000000	,-579.500000	,-440.500000	,-867.500000	,-788.500000	,-883.000000	,-526.000000	,-607.000000	,-65.000000	,-342.500000	,-221.000000	,-362.500000	,-164.000000	,-7.500000	,25.500000	,-96.000000	,287.500000	,-99.500000	,14.500000	,-243.000000	,-203.500000	,-185.000000	,-277.500000	,-237.000000	,-321.000000	,-125.500000	,-5.500000	,-178.000000	,-253.500000	,-721.500000	,-356.500000	,-548.000000	,62.000000	,45.500000	,65.000000	,-60.500000	,38.000000	,-292.000000	,-150.500000	,-270.000000	,
-38.000000	,36.500000	,34.500000	,142.500000	,-90.000000	,-139.500000	,-122.500000	,-42.000000	,130.500000	,-50.000000	,-94.500000	,-396.000000	,-346.000000	,-468.000000	,-466.500000	,-177.500000	,-250.500000	,82.500000	,-174.500000	,164.000000	,81.000000	,590.000000	,250.500000	,193.000000	,1.500000	,-123.500000	,-163.500000	,-264.000000	,-62.000000	,-145.500000	,-149.000000	,-543.000000	,-293.500000	,-371.500000	,-67.500000	,-553.500000	,-298.500000	,-306.500000	,325.000000	,741.000000	,1006.500000	,821.500000	,1038.500000	,1041.000000	,784.500000	,688.000000	,139.500000	,72.500000	,80.500000	,-105.500000	,-140.000000	,-441.000000	,-314.500000	,-288.000000	,-246.500000	,-39.500000	,-231.000000	,-10.500000	,51.000000	,243.000000	,-78.500000	,-76.500000	,77.000000	,131.500000	,337.500000	,125.000000	,268.000000	,-144.000000	,-47.000000	,44.000000	,-25.000000	,-226.000000	,-272.500000	,185.500000	,202.500000	,543.000000	,109.500000	,304.500000	,7.000000	,-45.000000	,-88.000000	,-338.000000	,-773.000000	,-415.000000	,-452.000000	,137.000000	,-197.000000	,-59.500000	,-173.500000	,-103.500000	,-232.500000	,23.500000	,138.500000	,279.500000	,-77.000000	,-117.500000	,-50.000000	,232.500000	,122.000000	,209.000000	,-68.500000	,-112.000000	,75.500000	,-66.000000	,89.500000	,196.000000	,-212.000000	,-84.000000	,-220.500000	,134.000000	,131.500000	,271.500000	,73.000000	,-160.000000	,-30.000000	,-174.000000	,-67.500000	,-161.500000	,31.000000	,-149.000000	,-83.000000	,-244.500000	,-159.000000	,-101.000000	,29.000000	,-130.000000	,-6.500000	,-128.000000	,-31.500000	,80.000000	,156.500000	,67.500000	,20.000000	,-199.500000	,-177.000000	,-199.500000	,-50.500000	,-58.000000	,-35.500000	,-39.500000	,127.000000	,-117.000000	,151.500000	,-51.000000	,38.500000	,-81.000000	,322.000000	,399.000000	,403.500000	,128.000000	,154.500000	,138.000000	,274.000000	,183.500000	,-32.000000	,336.000000	,607.000000	,809.000000	,1176.000000	,535.500000	,651.000000	,-338.500000	,0.500000	,-285.000000	,-48.000000	,-279.500000	,111.500000	,150.000000	,561.500000	,124.500000	,93.000000	,-170.000000	,159.500000	,301.500000	,40.500000	,-28.500000	,-356.500000	,-58.000000	,-308.500000	,53.000000	,91.000000	,676.000000	,448.500000	,133.000000	,-201.000000	,-424.000000	,-215.500000	,-201.000000	,-92.500000	,168.500000	,242.500000	,174.000000	,21.500000	,153.500000	,456.000000	,581.500000	,127.500000	,-296.000000	,-514.500000	,-869.500000	,-609.000000	,-841.000000	,-465.500000	,-627.500000	,-751.500000	,-314.000000	,-497.000000	,14.500000	,-315.000000	,-25.500000	,-188.500000	,17.500000	,-180.000000	,-86.000000	,-310.000000	,-91.500000	,3.000000	,-53.500000	,-104.500000	,269.000000	,212.000000	,456.500000	,245.500000	,162.500000	,41.500000	,-119.500000	,-17.500000	,29.500000	,177.500000	,400.000000	,394.500000	,-20.500000	,-118.500000	,-51.000000	,-58.500000	,157.500000	,169.500000	,124.000000	,-30.500000	,-148.500000	,
-46.500000	,8.500000	,129.000000	,186.000000	,118.500000	,-133.500000	,-283.500000	,-223.500000	,-437.500000	,-362.500000	,-377.000000	,-302.500000	,19.500000	,139.000000	,381.000000	,-36.500000	,66.500000	,-478.000000	,-200.500000	,-203.000000	,70.000000	,-61.000000	,193.500000	,51.500000	,178.000000	,278.000000	,347.000000	,514.000000	,38.500000	,87.500000	,-189.000000	,-131.500000	,-245.500000	,-35.500000	,141.500000	,390.000000	,331.000000	,245.500000	,150.500000	,193.500000	,185.000000	,383.000000	,546.000000	,856.000000	,907.500000	,709.500000	,870.000000	,1054.500000	,996.500000	,589.000000	,292.000000	,17.000000	,198.000000	,135.000000	,282.500000	,103.000000	,-322.000000	,-247.500000	,-40.500000	,105.500000	,228.000000	,29.000000	,27.500000	,-609.500000	,-235.000000	,-352.500000	,231.000000	,-47.500000	,105.500000	,-80.500000	,-153.500000	,-2.500000	,244.500000	,-31.500000	,-9.500000	,-487.500000	,-223.500000	,-132.000000	,94.000000	,209.500000	,-119.000000	,14.000000	,-151.500000	,-310.500000	,-657.500000	,-808.500000	,-425.000000	,-286.500000	,-155.500000	,-184.500000	,-132.000000	,58.000000	,332.000000	,272.500000	,70.500000	,-27.000000	,49.500000	,159.000000	,178.000000	,43.000000	,-126.500000	,-64.000000	,-17.500000	,185.000000	,329.500000	,272.500000	,364.000000	,16.500000	,35.000000	,24.500000	,248.500000	,535.500000	,560.000000	,382.500000	,65.000000	,103.000000	,186.000000	,131.000000	,128.500000	,153.000000	,169.000000	,176.500000	,37.500000	,-118.500000	,-55.500000	,-69.500000	,29.500000	,-21.500000	,-6.000000	,23.000000	,26.000000	,-65.500000	,-98.500000	,-188.000000	,135.000000	,95.000000	,75.000000	,-186.500000	,-177.000000	,-19.000000	,-53.500000	,161.500000	,99.500000	,48.500000	,17.000000	,12.500000	,64.000000	,-53.000000	,12.000000	,-287.000000	,-473.000000	,-277.000000	,302.000000	,320.000000	,437.500000	,371.000000	,349.500000	,544.500000	,378.500000	,74.000000	,-231.000000	,-390.500000	,-99.500000	,-422.500000	,-110.500000	,-172.000000	,-56.000000	,129.000000	,329.500000	,304.500000	,61.000000	,-1.500000	,-227.000000	,-444.000000	,34.500000	,-132.000000	,161.000000	,-133.000000	,103.000000	,132.500000	,61.500000	,-191.500000	,-317.000000	,-101.000000	,14.500000	,107.500000	,88.500000	,-41.000000	,-26.000000	,30.500000	,7.000000	,7.500000	,-223.000000	,-149.000000	,-75.000000	,-321.000000	,-367.000000	,-838.500000	,-843.000000	,-835.500000	,-869.000000	,-342.500000	,17.000000	,-67.500000	,-45.000000	,-144.000000	,-96.000000	,-10.500000	,-70.000000	,39.500000	,150.000000	,207.500000	,31.500000	,140.000000	,21.000000	,40.000000	,74.500000	,-50.000000	,-82.000000	,-112.000000	,-87.500000	,-329.000000	,-295.500000	,20.000000	,-108.500000	,259.000000	,-17.000000	,214.500000	,362.000000	,467.000000	,451.500000	,-55.000000	,-224.500000	,-153.000000	,-151.500000	,-205.000000	,-80.500000	,58.000000	,215.500000	,187.500000	,
-101.500000	,15.000000	,-70.500000	,-27.000000	,34.500000	,39.000000	,35.500000	,-60.500000	,-332.500000	,251.500000	,222.500000	,393.500000	,74.000000	,-60.500000	,-310.500000	,-68.500000	,-170.000000	,-104.000000	,127.000000	,-47.000000	,-18.500000	,27.500000	,76.000000	,282.500000	,-12.000000	,63.500000	,-141.500000	,-5.000000	,-88.500000	,-95.000000	,47.500000	,114.500000	,345.500000	,711.500000	,501.500000	,433.500000	,115.000000	,244.500000	,32.500000	,119.500000	,-192.500000	,-90.500000	,106.500000	,-59.500000	,23.000000	,313.500000	,723.500000	,1043.000000	,1155.500000	,1002.500000	,986.500000	,965.000000	,626.000000	,817.500000	,251.000000	,-144.500000	,-228.500000	,-320.500000	,55.500000	,-87.500000	,279.000000	,153.500000	,65.000000	,1.500000	,-16.500000	,355.500000	,325.000000	,393.000000	,241.000000	,12.500000	,125.500000	,33.500000	,244.500000	,-42.000000	,111.500000	,-121.500000	,242.000000	,79.000000	,380.500000	,176.000000	,322.500000	,114.000000	,304.500000	,229.500000	,166.000000	,-280.000000	,-481.500000	,-995.000000	,-575.000000	,-393.000000	,120.500000	,11.500000	,65.000000	,-216.000000	,-60.500000	,-101.000000	,22.000000	,0.000000	,-102.000000	,7.500000	,-67.000000	,63.000000	,-40.500000	,-104.000000	,-31.500000	,-37.000000	,-74.500000	,2.000000	,-39.500000	,115.500000	,116.500000	,-16.500000	,-192.500000	,-163.500000	,-109.500000	,108.500000	,-35.500000	,85.500000	,-99.500000	,153.000000	,61.000000	,233.000000	,139.500000	,112.000000	,-136.500000	,-43.500000	,-108.000000	,54.500000	,87.500000	,126.500000	,-16.500000	,-18.000000	,40.500000	,161.500000	,75.500000	,243.500000	,52.000000	,193.000000	,15.000000	,-4.500000	,-202.000000	,-60.000000	,-87.000000	,149.500000	,69.000000	,109.500000	,-5.500000	,434.000000	,226.500000	,666.000000	,59.500000	,502.500000	,426.000000	,674.500000	,824.500000	,584.500000	,327.500000	,-109.500000	,-489.000000	,-601.500000	,-464.500000	,-166.500000	,-1.000000	,220.000000	,84.000000	,-332.500000	,-216.000000	,-382.000000	,-172.000000	,-302.000000	,-21.500000	,-1.500000	,-35.500000	,221.500000	,281.500000	,471.500000	,218.500000	,128.000000	,-133.000000	,-39.000000	,-195.000000	,-122.500000	,-145.500000	,193.500000	,-94.000000	,-56.500000	,-130.000000	,97.500000	,-82.000000	,-357.000000	,-535.000000	,-599.500000	,-807.000000	,-1006.500000	,-1195.000000	,-1100.500000	,-1383.000000	,-501.000000	,-114.500000	,297.500000	,136.500000	,-89.000000	,54.500000	,-354.000000	,45.500000	,-232.000000	,69.500000	,-352.500000	,-206.500000	,-549.500000	,-255.000000	,-44.500000	,-47.500000	,213.500000	,-127.500000	,108.500000	,-231.000000	,-61.000000	,-343.000000	,-337.500000	,-181.000000	,-229.000000	,-49.500000	,-117.500000	,27.500000	,23.000000	,391.000000	,316.000000	,-71.000000	,-354.000000	,-18.000000	,-231.000000	,140.500000	,-195.000000	,-63.000000	,-90.500000	,38.500000	,45.500000	,65.000000	,14.500000	,
-39.500000	,24.500000	,-188.500000	,-196.500000	,-256.500000	,-16.000000	,120.500000	,96.500000	,163.500000	,32.500000	,-79.500000	,-110.500000	,67.500000	,215.000000	,82.500000	,189.000000	,78.500000	,233.000000	,120.000000	,16.000000	,-536.500000	,-237.000000	,-172.500000	,249.000000	,401.000000	,251.000000	,156.500000	,197.000000	,231.500000	,343.500000	,192.000000	,89.500000	,-27.500000	,-23.000000	,150.500000	,-363.000000	,-142.500000	,-415.000000	,-22.500000	,151.000000	,99.500000	,-71.000000	,-37.000000	,-61.000000	,-94.000000	,-393.000000	,-379.500000	,-442.500000	,-418.500000	,238.500000	,798.500000	,1350.000000	,932.000000	,535.000000	,505.500000	,313.500000	,470.000000	,548.000000	,103.000000	,207.000000	,-154.500000	,215.000000	,-70.000000	,522.500000	,281.000000	,176.500000	,-261.000000	,-220.500000	,-506.000000	,-83.500000	,-420.500000	,-468.500000	,-790.000000	,-315.500000	,2.000000	,416.500000	,427.000000	,398.500000	,223.500000	,334.000000	,112.500000	,155.500000	,-113.000000	,-119.000000	,-101.000000	,228.500000	,-66.500000	,-298.000000	,-529.000000	,-116.000000	,106.500000	,195.000000	,-165.000000	,-103.500000	,78.000000	,67.500000	,76.000000	,-33.500000	,116.000000	,156.000000	,457.500000	,442.500000	,299.500000	,99.500000	,-0.500000	,-74.000000	,30.000000	,9.000000	,-4.500000	,-15.000000	,-195.000000	,-237.000000	,-92.500000	,13.500000	,63.000000	,57.500000	,-272.000000	,-131.000000	,-271.500000	,7.000000	,56.500000	,-33.500000	,-162.000000	,-76.500000	,-182.000000	,224.000000	,264.500000	,280.000000	,24.000000	,-145.500000	,-67.500000	,-40.000000	,74.000000	,-83.500000	,-58.500000	,-166.500000	,124.500000	,141.000000	,242.000000	,61.000000	,332.000000	,78.000000	,226.000000	,-159.500000	,-183.500000	,-196.000000	,-201.500000	,-120.500000	,145.500000	,501.500000	,407.500000	,-101.000000	,58.000000	,197.000000	,521.500000	,560.500000	,523.000000	,578.500000	,399.500000	,116.000000	,271.500000	,121.500000	,16.500000	,282.000000	,-55.500000	,438.500000	,-34.000000	,-214.000000	,-356.000000	,-165.000000	,118.000000	,172.500000	,64.000000	,-39.000000	,13.500000	,-44.500000	,-46.000000	,3.000000	,-126.000000	,-193.500000	,175.500000	,286.000000	,528.000000	,331.500000	,165.000000	,94.500000	,-330.000000	,-488.000000	,-657.000000	,-720.500000	,-918.000000	,-976.500000	,-1170.500000	,-1191.000000	,-859.000000	,-357.500000	,18.000000	,-108.500000	,-257.500000	,-166.000000	,-146.500000	,98.000000	,168.500000	,-104.000000	,-227.000000	,-179.000000	,-408.500000	,-80.000000	,-101.500000	,6.500000	,113.000000	,-205.000000	,5.000000	,-265.000000	,178.500000	,-165.500000	,-44.000000	,-198.000000	,85.500000	,-45.000000	,205.000000	,-42.000000	,-35.000000	,56.500000	,-221.500000	,-14.500000	,155.000000	,103.500000	,137.000000	,-191.500000	,-240.000000	,-227.500000	,-206.500000	,-69.000000	,-71.500000	,12.500000	,112.000000	,-37.500000	,-63.000000	,-131.500000	,
-332.500000	,-349.500000	,-528.000000	,-216.500000	,-196.500000	,-5.000000	,223.000000	,246.500000	,174.500000	,-35.500000	,-155.000000	,-146.000000	,207.000000	,303.500000	,362.500000	,467.500000	,250.500000	,414.500000	,400.000000	,593.000000	,34.000000	,-178.000000	,-668.000000	,-236.500000	,-364.000000	,-227.500000	,-329.500000	,-22.500000	,120.500000	,-124.500000	,-196.500000	,-382.500000	,-196.500000	,-367.000000	,-147.000000	,83.500000	,187.500000	,-48.000000	,-153.000000	,-121.500000	,-163.500000	,-296.500000	,-280.500000	,-54.500000	,-234.500000	,-51.500000	,-67.500000	,46.000000	,212.000000	,-175.000000	,67.500000	,-276.500000	,195.000000	,154.500000	,612.500000	,1083.000000	,1090.000000	,1468.500000	,901.500000	,1255.500000	,571.000000	,305.500000	,-129.500000	,2.500000	,-190.500000	,-296.500000	,-312.500000	,-239.000000	,-136.000000	,6.500000	,67.000000	,485.000000	,328.500000	,433.500000	,107.500000	,111.500000	,-162.500000	,-41.000000	,-288.500000	,-402.500000	,-188.500000	,-263.500000	,-34.000000	,-164.500000	,-262.500000	,-170.000000	,-507.500000	,-182.000000	,-286.000000	,-80.500000	,-103.500000	,0.500000	,-295.000000	,1.500000	,-193.000000	,102.500000	,-100.500000	,-100.500000	,-19.500000	,-78.000000	,-24.000000	,-106.500000	,-106.000000	,-220.500000	,-181.500000	,-138.000000	,138.500000	,117.500000	,196.000000	,132.500000	,-13.000000	,177.500000	,89.500000	,247.500000	,95.000000	,12.500000	,103.000000	,175.000000	,50.500000	,-168.000000	,-52.500000	,-66.000000	,66.000000	,142.500000	,8.500000	,-17.000000	,-95.000000	,-34.500000	,-172.500000	,118.000000	,-12.500000	,5.500000	,-153.000000	,-85.500000	,7.500000	,18.000000	,-144.000000	,-69.000000	,-70.500000	,197.500000	,134.500000	,307.500000	,190.000000	,65.500000	,-41.500000	,-121.500000	,-245.500000	,0.500000	,495.500000	,871.500000	,1046.500000	,780.000000	,214.500000	,428.000000	,-131.000000	,36.000000	,-29.000000	,167.000000	,415.500000	,711.500000	,754.500000	,306.000000	,59.000000	,-142.000000	,-132.000000	,254.500000	,316.500000	,286.500000	,330.500000	,-19.500000	,-154.000000	,-159.500000	,-331.500000	,-72.000000	,-362.500000	,-204.000000	,-115.500000	,469.000000	,568.500000	,310.500000	,-283.000000	,-501.000000	,-550.500000	,-877.500000	,-666.000000	,-972.000000	,-1078.500000	,-1248.500000	,-1099.500000	,-535.000000	,-121.500000	,-51.000000	,219.500000	,-202.500000	,-5.000000	,-120.500000	,-96.000000	,-155.000000	,-154.500000	,-185.000000	,-316.500000	,-570.000000	,-539.000000	,-299.000000	,-32.500000	,211.000000	,469.000000	,333.000000	,297.500000	,272.500000	,19.000000	,217.000000	,-321.000000	,-121.500000	,-275.500000	,-19.000000	,-10.000000	,187.500000	,173.000000	,173.000000	,314.000000	,587.000000	,471.500000	,189.500000	,45.500000	,114.000000	,172.500000	,-135.000000	,-138.500000	,-159.000000	,-655.500000	,-559.000000	,-716.000000	,-33.000000	,128.500000	,-47.500000	,-66.000000	,-66.500000	,-78.000000	,-131.500000	,
-131.500000	,-171.000000	,106.000000	,-42.500000	,203.500000	,-211.500000	,-45.000000	,-214.500000	,-63.500000	,178.000000	,186.000000	,139.000000	,89.500000	,152.500000	,62.000000	,3.500000	,-207.000000	,-325.500000	,-296.000000	,-257.500000	,291.500000	,87.000000	,496.500000	,-268.500000	,186.000000	,-372.500000	,-204.000000	,-411.000000	,-348.000000	,-112.000000	,30.500000	,267.500000	,-75.500000	,124.500000	,-90.500000	,171.000000	,129.500000	,-171.500000	,-227.500000	,-443.500000	,-245.500000	,-230.000000	,376.500000	,420.500000	,395.500000	,168.500000	,169.000000	,121.500000	,63.500000	,143.500000	,-38.000000	,-182.000000	,26.000000	,-45.500000	,108.000000	,190.000000	,648.000000	,754.500000	,938.500000	,787.000000	,843.000000	,770.500000	,777.000000	,536.500000	,326.500000	,425.500000	,534.000000	,537.000000	,429.000000	,211.000000	,97.000000	,35.500000	,-404.000000	,-263.000000	,-266.000000	,34.000000	,21.500000	,-390.500000	,-433.500000	,-569.500000	,-93.500000	,-43.000000	,154.000000	,-120.500000	,171.000000	,-368.500000	,-156.000000	,-425.500000	,347.500000	,23.000000	,177.000000	,-145.500000	,-110.000000	,-72.500000	,-149.000000	,-96.000000	,16.500000	,135.000000	,-6.000000	,-72.000000	,-192.000000	,-381.000000	,-140.500000	,-359.500000	,-8.500000	,-415.000000	,-140.500000	,-221.500000	,-78.000000	,-79.500000	,242.500000	,242.500000	,164.500000	,-160.500000	,-160.500000	,-189.000000	,3.000000	,168.000000	,129.000000	,96.500000	,-28.000000	,-14.500000	,69.000000	,69.000000	,110.000000	,122.500000	,56.000000	,75.000000	,184.000000	,33.000000	,25.500000	,-212.000000	,47.000000	,9.500000	,23.500000	,-106.500000	,-373.500000	,-220.500000	,-435.500000	,-221.000000	,-173.000000	,-118.500000	,-139.500000	,68.000000	,339.000000	,331.500000	,21.000000	,-16.000000	,-287.500000	,343.500000	,354.500000	,879.500000	,506.500000	,393.000000	,-163.500000	,-255.000000	,-205.500000	,46.500000	,195.000000	,134.000000	,99.500000	,260.000000	,320.500000	,155.500000	,-218.500000	,-409.500000	,-249.000000	,-94.500000	,-5.500000	,-178.000000	,-241.500000	,-434.000000	,-102.500000	,189.000000	,96.000000	,-101.500000	,-160.000000	,-214.000000	,-116.500000	,-658.000000	,-769.000000	,-916.000000	,-1078.000000	,-913.500000	,-1047.000000	,-684.500000	,-195.000000	,-41.500000	,-83.000000	,-204.000000	,-497.500000	,-328.500000	,-260.000000	,70.000000	,-181.000000	,-200.000000	,-252.500000	,160.500000	,65.500000	,165.000000	,-168.000000	,224.000000	,192.500000	,283.000000	,365.000000	,222.000000	,22.500000	,65.000000	,-75.500000	,138.000000	,-22.000000	,422.000000	,269.000000	,521.500000	,297.500000	,262.500000	,42.500000	,-107.000000	,-95.000000	,500.000000	,254.500000	,508.000000	,-163.000000	,-230.000000	,-332.500000	,-387.500000	,-228.500000	,-27.500000	,-90.500000	,-3.500000	,-261.500000	,-202.000000	,-210.500000	,120.000000	,267.500000	,51.500000	,3.500000	,-48.000000	,55.500000	,29.000000	,
236.500000	,467.000000	,558.000000	,430.500000	,269.500000	,155.000000	,43.500000	,-46.500000	,317.000000	,326.000000	,341.000000	,259.000000	,139.500000	,107.000000	,-70.000000	,-93.500000	,141.500000	,-25.000000	,-92.000000	,-201.000000	,54.000000	,594.000000	,357.000000	,244.500000	,-77.500000	,168.500000	,303.500000	,89.500000	,16.000000	,-360.000000	,-220.500000	,75.000000	,-3.000000	,137.000000	,-149.500000	,-91.500000	,105.500000	,303.500000	,208.000000	,108.500000	,111.000000	,346.000000	,236.000000	,57.500000	,-102.500000	,-128.000000	,80.000000	,78.500000	,194.500000	,21.500000	,-106.000000	,-469.500000	,-198.500000	,159.000000	,212.000000	,89.500000	,-250.500000	,-475.500000	,-466.500000	,-507.000000	,206.000000	,887.500000	,1153.000000	,842.000000	,615.000000	,437.500000	,246.000000	,159.500000	,311.500000	,387.000000	,148.000000	,-72.000000	,38.000000	,-138.000000	,253.000000	,-118.500000	,-470.500000	,-406.500000	,-330.000000	,-68.000000	,-81.500000	,-266.500000	,-168.000000	,-100.000000	,-38.000000	,247.000000	,410.500000	,704.000000	,858.000000	,279.000000	,9.500000	,-36.500000	,332.000000	,35.500000	,282.500000	,-182.000000	,-6.500000	,-27.500000	,-233.000000	,-170.000000	,-320.000000	,-154.000000	,-56.000000	,237.500000	,188.500000	,344.000000	,43.000000	,-53.000000	,-109.500000	,-175.500000	,-96.000000	,-54.000000	,-190.500000	,-195.000000	,-216.000000	,-327.000000	,-10.000000	,-47.500000	,184.000000	,-43.000000	,45.500000	,-202.500000	,-94.500000	,-117.000000	,39.500000	,59.000000	,48.500000	,-85.500000	,-199.500000	,-265.500000	,-151.500000	,-195.000000	,-60.000000	,-32.000000	,-186.500000	,-119.000000	,-169.500000	,-39.000000	,-211.500000	,-81.000000	,-282.000000	,-183.000000	,-85.500000	,-225.000000	,-157.500000	,-113.000000	,107.500000	,191.500000	,83.000000	,108.000000	,174.000000	,133.500000	,-32.500000	,-111.000000	,231.000000	,-48.000000	,-307.000000	,-519.000000	,-172.500000	,-232.500000	,-243.000000	,-355.500000	,-390.000000	,-391.500000	,268.500000	,109.500000	,286.000000	,157.000000	,163.500000	,389.500000	,-78.000000	,175.000000	,31.500000	,-15.500000	,16.500000	,-555.500000	,-698.500000	,-1056.000000	,-902.000000	,-958.000000	,-393.000000	,-706.500000	,-584.500000	,-150.500000	,201.000000	,466.500000	,194.000000	,426.000000	,342.500000	,-14.000000	,-177.000000	,-462.500000	,37.000000	,191.500000	,438.000000	,269.500000	,149.000000	,-230.500000	,-89.000000	,-71.500000	,151.500000	,-129.500000	,-30.500000	,-39.000000	,212.000000	,-255.500000	,-21.000000	,-190.000000	,264.500000	,-26.000000	,13.500000	,-157.500000	,476.000000	,162.000000	,110.000000	,52.000000	,-19.000000	,241.500000	,44.500000	,-108.000000	,-77.500000	,-454.000000	,6.500000	,63.000000	,259.000000	,-138.000000	,134.000000	,-197.000000	,83.500000	,-391.000000	,0.000000	,327.000000	,190.500000	,71.000000	,-93.000000	,56.500000	,70.000000	,-74.000000	,-165.500000	,-130.500000	,
-140.000000	,71.500000	,80.000000	,-23.500000	,-168.000000	,-285.500000	,-104.000000	,-113.000000	,-205.500000	,-199.500000	,-218.000000	,-52.500000	,-165.000000	,-239.500000	,-220.500000	,88.500000	,308.500000	,573.000000	,469.500000	,354.500000	,-133.500000	,-36.500000	,-299.500000	,262.000000	,59.500000	,523.500000	,349.500000	,407.000000	,281.000000	,35.500000	,-43.500000	,97.500000	,225.500000	,55.500000	,-138.000000	,-193.500000	,-214.000000	,101.000000	,349.000000	,355.000000	,361.500000	,77.500000	,60.000000	,-278.000000	,110.000000	,228.000000	,172.500000	,-211.000000	,-346.500000	,-137.000000	,20.000000	,195.000000	,-335.500000	,-330.000000	,-307.500000	,44.000000	,11.500000	,19.500000	,426.500000	,196.000000	,254.500000	,97.000000	,-106.500000	,301.000000	,291.500000	,516.500000	,378.000000	,758.000000	,538.500000	,1135.000000	,600.500000	,669.500000	,169.500000	,295.000000	,43.000000	,188.500000	,-107.500000	,-123.000000	,46.000000	,236.000000	,-46.000000	,40.500000	,21.500000	,245.000000	,309.500000	,686.500000	,283.500000	,689.500000	,89.500000	,322.000000	,-48.500000	,23.000000	,96.500000	,292.000000	,163.500000	,94.500000	,-321.000000	,-165.000000	,-61.500000	,210.500000	,90.500000	,376.500000	,-14.000000	,34.000000	,-102.000000	,224.000000	,246.500000	,244.000000	,59.000000	,66.500000	,-162.000000	,-213.000000	,-21.500000	,9.500000	,18.500000	,124.500000	,50.000000	,115.500000	,-41.000000	,43.000000	,-88.500000	,-68.500000	,-69.000000	,-61.500000	,-120.500000	,-39.000000	,-157.500000	,-100.500000	,35.000000	,223.000000	,203.500000	,-48.000000	,54.500000	,34.000000	,166.000000	,107.000000	,203.000000	,294.000000	,375.500000	,300.000000	,58.000000	,121.000000	,-27.000000	,7.500000	,-166.000000	,-144.000000	,132.500000	,158.000000	,350.000000	,93.000000	,410.000000	,101.000000	,63.500000	,-120.000000	,13.500000	,79.500000	,-267.000000	,-379.000000	,-85.000000	,-47.000000	,136.500000	,20.000000	,290.500000	,346.500000	,434.000000	,324.000000	,-182.500000	,-134.500000	,-12.000000	,91.000000	,107.500000	,-76.000000	,-230.500000	,-711.500000	,-687.500000	,-954.500000	,-764.000000	,-1134.500000	,-1110.500000	,-1119.000000	,-236.000000	,93.500000	,308.000000	,-85.500000	,-260.500000	,-531.000000	,-192.500000	,-116.000000	,149.500000	,56.500000	,228.500000	,196.000000	,663.500000	,196.500000	,388.000000	,175.500000	,-157.500000	,-141.500000	,2.000000	,165.500000	,137.000000	,-212.000000	,-213.500000	,-87.500000	,-146.500000	,75.500000	,-297.500000	,54.500000	,37.500000	,-97.000000	,-267.500000	,-517.000000	,-583.500000	,63.500000	,126.000000	,245.500000	,-123.500000	,-135.000000	,-107.500000	,-353.000000	,-322.000000	,-91.000000	,325.000000	,276.000000	,244.000000	,257.000000	,163.500000	,-309.500000	,-106.000000	,-152.000000	,348.500000	,262.500000	,342.000000	,62.000000	,75.000000	,-46.000000	,-69.000000	,-90.000000	,-201.000000	,-146.500000	,
-24.000000	,-48.500000	,-150.500000	,-263.500000	,-157.000000	,-23.500000	,29.500000	,-255.000000	,-132.000000	,-228.000000	,-195.000000	,-241.500000	,-132.500000	,-116.500000	,178.000000	,13.000000	,50.500000	,-92.500000	,71.000000	,215.500000	,479.500000	,164.500000	,105.500000	,-70.000000	,-12.000000	,-204.500000	,-219.500000	,-330.000000	,24.500000	,5.500000	,480.500000	,-27.500000	,68.000000	,-518.500000	,-24.500000	,200.000000	,300.500000	,196.500000	,-34.500000	,32.000000	,-120.500000	,-280.500000	,-359.000000	,-401.500000	,-465.500000	,-178.000000	,-233.500000	,114.500000	,-50.000000	,206.500000	,381.500000	,673.500000	,538.500000	,132.500000	,192.500000	,-99.000000	,168.500000	,56.000000	,243.500000	,-139.000000	,-143.500000	,-338.500000	,314.000000	,301.500000	,716.500000	,481.500000	,508.000000	,232.500000	,364.500000	,690.500000	,1366.500000	,952.500000	,1024.500000	,402.000000	,578.000000	,544.000000	,709.500000	,678.000000	,296.000000	,344.000000	,-21.500000	,183.500000	,94.000000	,202.500000	,-61.000000	,-317.500000	,-164.500000	,27.500000	,-121.500000	,63.500000	,23.000000	,202.500000	,-80.000000	,-15.000000	,-52.500000	,-66.000000	,188.000000	,-105.500000	,274.500000	,148.500000	,304.500000	,95.000000	,-33.000000	,9.000000	,-277.000000	,-247.500000	,-151.500000	,-151.500000	,65.500000	,-38.000000	,2.500000	,-147.000000	,-43.500000	,-220.500000	,26.000000	,84.500000	,275.000000	,34.500000	,10.500000	,-307.000000	,-200.000000	,-291.500000	,-175.000000	,-50.000000	,-50.000000	,13.000000	,137.000000	,144.000000	,168.500000	,151.000000	,-97.500000	,91.000000	,7.500000	,30.000000	,-161.000000	,75.000000	,43.000000	,175.000000	,-52.000000	,-60.500000	,-108.500000	,107.500000	,-114.500000	,150.500000	,-44.000000	,104.500000	,-125.500000	,45.500000	,95.000000	,95.000000	,42.500000	,318.500000	,378.000000	,254.500000	,155.000000	,329.000000	,539.000000	,611.500000	,181.500000	,222.000000	,3.500000	,222.500000	,84.000000	,107.500000	,-204.000000	,-65.500000	,-198.000000	,-247.500000	,-562.000000	,-824.000000	,-1010.500000	,-981.500000	,-1020.500000	,-1135.500000	,-957.000000	,-266.000000	,21.000000	,197.500000	,42.000000	,180.500000	,72.500000	,-90.000000	,-66.500000	,-192.500000	,-115.500000	,-54.500000	,-224.500000	,-102.500000	,-262.500000	,-72.000000	,105.500000	,77.500000	,-96.500000	,-255.000000	,-395.000000	,-626.500000	,-476.500000	,-144.500000	,13.000000	,-106.500000	,-1.000000	,98.500000	,-81.000000	,-5.000000	,-11.000000	,109.500000	,-70.500000	,-247.500000	,-290.000000	,-14.000000	,175.000000	,82.500000	,24.500000	,-324.000000	,-245.000000	,-300.000000	,-290.500000	,-208.500000	,130.000000	,424.000000	,473.500000	,484.000000	,57.500000	,137.500000	,-61.500000	,143.000000	,140.500000	,-22.500000	,-143.000000	,148.000000	,-264.000000	,28.000000	,-284.000000	,135.000000	,52.000000	,7.500000	,144.500000	,209.000000	,443.500000	,222.000000	,
-146.000000	,-127.000000	,-202.500000	,94.500000	,31.000000	,315.500000	,185.000000	,285.000000	,363.000000	,308.500000	,313.000000	,-164.000000	,67.500000	,-143.500000	,-167.000000	,-257.500000	,-432.500000	,-475.500000	,-502.000000	,-464.500000	,-289.500000	,-547.500000	,-297.000000	,-411.000000	,-455.000000	,-428.500000	,-508.500000	,-357.000000	,-50.000000	,116.500000	,49.500000	,-89.000000	,-222.000000	,-210.500000	,50.500000	,-161.000000	,-177.000000	,-329.500000	,-381.500000	,-159.000000	,-170.500000	,146.500000	,-53.000000	,461.500000	,417.500000	,428.000000	,321.500000	,94.500000	,350.000000	,205.000000	,-28.000000	,139.500000	,331.000000	,474.000000	,305.000000	,-35.000000	,-84.500000	,-416.000000	,-336.500000	,-615.000000	,-145.000000	,-157.500000	,94.000000	,-108.500000	,-174.000000	,-94.500000	,346.500000	,294.000000	,439.500000	,-183.000000	,-137.000000	,226.500000	,864.500000	,1008.000000	,1159.000000	,625.500000	,606.500000	,187.000000	,272.500000	,88.500000	,356.500000	,146.500000	,116.000000	,-140.000000	,-420.000000	,-432.000000	,295.000000	,586.000000	,737.000000	,188.000000	,178.500000	,31.000000	,51.000000	,21.500000	,-80.500000	,140.000000	,146.000000	,189.500000	,-45.000000	,-174.000000	,-42.500000	,-48.500000	,343.000000	,367.500000	,147.000000	,62.500000	,-29.000000	,26.500000	,-100.500000	,-61.000000	,-128.500000	,80.500000	,-149.500000	,110.500000	,-290.500000	,-102.500000	,-131.500000	,-125.500000	,-4.500000	,-65.000000	,291.500000	,-49.000000	,67.000000	,-153.000000	,-18.000000	,-2.000000	,-39.500000	,-15.000000	,-139.000000	,-62.500000	,7.500000	,232.500000	,66.000000	,13.500000	,116.500000	,211.000000	,34.000000	,-175.500000	,-93.500000	,67.000000	,7.000000	,-52.500000	,118.000000	,79.000000	,45.000000	,-101.500000	,-70.000000	,-49.500000	,0.000000	,0.000000	,-61.000000	,-109.000000	,-24.000000	,-187.000000	,-91.000000	,-214.500000	,157.500000	,216.000000	,46.000000	,-90.500000	,-41.500000	,-275.500000	,-123.500000	,-393.000000	,-92.500000	,-399.500000	,-492.500000	,-927.000000	,-1005.500000	,-1064.500000	,-890.500000	,-189.000000	,-296.500000	,89.500000	,-50.500000	,189.500000	,379.500000	,214.000000	,324.500000	,257.500000	,-126.500000	,-26.000000	,-369.000000	,-19.500000	,212.000000	,15.000000	,78.000000	,-135.500000	,294.000000	,-9.000000	,54.500000	,-239.000000	,-399.000000	,-472.500000	,95.000000	,117.000000	,175.500000	,-101.000000	,-424.000000	,-233.500000	,68.500000	,209.000000	,159.000000	,-331.000000	,-60.000000	,115.500000	,7.000000	,4.000000	,123.000000	,290.500000	,553.500000	,224.500000	,86.000000	,-255.500000	,-213.500000	,-53.000000	,160.500000	,54.000000	,169.500000	,25.000000	,-232.500000	,-345.000000	,-596.500000	,216.500000	,65.000000	,113.500000	,-9.500000	,47.000000	,303.000000	,387.500000	,97.000000	,-31.500000	,-150.500000	,-166.000000	,-243.000000	,-152.000000	,-24.500000	,-27.500000	,-31.500000	,-118.000000	,
-146.500000	,-225.000000	,223.000000	,372.500000	,164.000000	,-204.000000	,-144.500000	,-103.500000	,16.000000	,8.500000	,-50.000000	,166.500000	,-193.000000	,-160.000000	,124.500000	,49.000000	,-38.500000	,-309.500000	,-398.500000	,-424.500000	,-350.000000	,-192.500000	,-33.000000	,-53.500000	,121.000000	,7.000000	,230.500000	,196.000000	,171.500000	,162.000000	,-14.500000	,156.000000	,-86.000000	,-54.500000	,-331.000000	,-296.000000	,-456.500000	,-544.000000	,-113.000000	,-253.000000	,187.500000	,292.500000	,569.000000	,392.500000	,281.500000	,-90.000000	,89.000000	,-22.000000	,-102.000000	,-145.500000	,-209.500000	,-83.500000	,75.500000	,-240.500000	,-393.500000	,-25.500000	,84.000000	,503.000000	,124.000000	,133.000000	,-125.000000	,-257.500000	,-185.500000	,-367.500000	,-61.000000	,-488.500000	,-227.000000	,-319.500000	,61.000000	,-51.000000	,-141.000000	,-388.000000	,-125.000000	,-369.500000	,-86.000000	,-74.500000	,537.500000	,832.500000	,1199.000000	,823.500000	,703.000000	,419.000000	,174.000000	,250.000000	,284.000000	,390.500000	,306.000000	,136.500000	,43.000000	,-219.000000	,-162.000000	,-129.000000	,52.500000	,193.000000	,71.500000	,83.500000	,-246.000000	,-4.500000	,-49.500000	,90.000000	,37.500000	,-37.500000	,-44.500000	,-43.000000	,56.500000	,51.500000	,146.000000	,35.500000	,91.500000	,38.500000	,129.000000	,-158.000000	,148.000000	,-90.500000	,-9.500000	,-517.500000	,-408.000000	,-239.000000	,-36.500000	,309.500000	,77.000000	,157.000000	,59.500000	,46.500000	,129.500000	,131.500000	,74.500000	,-121.500000	,81.000000	,52.500000	,217.500000	,185.000000	,61.000000	,115.000000	,-142.500000	,-53.000000	,-56.000000	,-10.500000	,86.000000	,159.500000	,-58.000000	,-82.500000	,-169.500000	,-171.000000	,-14.000000	,149.500000	,50.500000	,-13.500000	,-96.000000	,-40.500000	,-133.500000	,-53.000000	,17.500000	,178.500000	,341.000000	,54.500000	,129.500000	,89.500000	,219.000000	,186.500000	,-309.000000	,-446.000000	,-860.000000	,-489.000000	,-762.500000	,-750.000000	,-1050.000000	,-737.000000	,-230.000000	,361.000000	,451.000000	,-215.000000	,-254.000000	,-384.000000	,-128.000000	,-403.500000	,-357.000000	,-304.000000	,-130.000000	,-348.500000	,-330.000000	,-281.500000	,-206.000000	,13.500000	,-75.000000	,40.000000	,25.500000	,56.500000	,72.500000	,54.000000	,273.500000	,230.000000	,124.000000	,97.000000	,211.000000	,230.000000	,191.000000	,118.000000	,169.500000	,-64.000000	,30.500000	,-313.000000	,289.000000	,83.000000	,328.000000	,-121.500000	,144.500000	,-58.000000	,113.000000	,-32.500000	,-181.500000	,-147.500000	,-259.500000	,-95.500000	,-148.000000	,252.000000	,54.500000	,-132.500000	,-390.500000	,-657.500000	,-266.500000	,-389.000000	,-163.500000	,-363.500000	,-565.000000	,-493.000000	,-338.500000	,-57.000000	,160.500000	,-19.500000	,58.500000	,-127.500000	,-365.000000	,-307.500000	,-114.500000	,-122.000000	,-11.000000	,69.000000	,10.500000	,-8.500000	,
139.000000	,281.000000	,-115.000000	,-123.000000	,-238.500000	,-238.500000	,-247.500000	,-318.500000	,-230.000000	,-494.000000	,-175.500000	,-156.500000	,-267.500000	,-176.500000	,-170.000000	,256.500000	,68.500000	,351.500000	,206.000000	,166.000000	,215.500000	,4.000000	,199.500000	,-206.500000	,-172.500000	,102.500000	,204.500000	,239.000000	,67.000000	,-176.000000	,95.000000	,-36.000000	,263.000000	,185.500000	,138.500000	,-6.000000	,80.000000	,371.000000	,435.000000	,523.000000	,81.000000	,-112.000000	,-490.000000	,-362.000000	,-320.000000	,6.500000	,60.000000	,-40.500000	,-124.500000	,-399.500000	,-174.500000	,-463.000000	,69.500000	,40.500000	,135.500000	,46.500000	,-278.500000	,-107.500000	,128.000000	,199.000000	,554.000000	,163.500000	,-8.000000	,-0.500000	,-217.000000	,51.000000	,-27.000000	,-194.000000	,-331.000000	,-77.000000	,-217.000000	,-120.500000	,-190.000000	,-140.500000	,-149.000000	,-61.000000	,86.000000	,257.500000	,192.500000	,261.500000	,476.000000	,867.000000	,1288.500000	,1221.000000	,1174.500000	,879.500000	,273.000000	,-45.500000	,-73.500000	,8.000000	,-224.500000	,-89.000000	,-178.000000	,-167.500000	,-86.500000	,-50.500000	,57.500000	,27.000000	,-45.000000	,90.500000	,20.000000	,80.000000	,-150.000000	,-58.500000	,-165.000000	,-121.000000	,-276.500000	,-290.000000	,-272.500000	,80.500000	,82.000000	,119.000000	,-120.500000	,-46.500000	,245.500000	,-19.000000	,-3.000000	,-228.500000	,-241.500000	,-93.000000	,-259.500000	,84.000000	,89.500000	,151.000000	,34.000000	,-51.000000	,-31.500000	,125.000000	,51.500000	,98.000000	,-14.500000	,12.500000	,200.000000	,132.000000	,216.000000	,171.000000	,300.000000	,208.500000	,157.500000	,78.000000	,286.500000	,238.500000	,160.500000	,155.500000	,108.000000	,186.000000	,-17.500000	,-103.500000	,-319.500000	,-249.000000	,-113.000000	,-13.000000	,-89.500000	,-300.000000	,-55.000000	,-341.500000	,-539.500000	,-868.000000	,-1059.000000	,-877.500000	,-1240.000000	,-1156.500000	,-1253.500000	,-1078.500000	,-764.500000	,-847.500000	,-127.500000	,118.000000	,234.500000	,229.000000	,-259.000000	,-144.000000	,-278.000000	,149.500000	,156.000000	,165.000000	,-378.000000	,70.500000	,-142.000000	,437.000000	,159.500000	,658.500000	,306.000000	,282.500000	,-428.000000	,-508.000000	,-364.500000	,-224.000000	,-228.000000	,-205.500000	,254.500000	,-46.500000	,256.500000	,324.500000	,395.500000	,524.500000	,290.500000	,124.500000	,258.000000	,198.000000	,233.500000	,-159.000000	,-228.500000	,-224.500000	,-130.500000	,-18.500000	,71.000000	,-17.500000	,-152.000000	,-253.000000	,-225.500000	,-12.000000	,212.000000	,270.000000	,174.500000	,67.000000	,258.000000	,377.500000	,239.500000	,-63.500000	,134.500000	,-91.500000	,21.000000	,-237.000000	,-224.500000	,-285.500000	,-20.500000	,198.000000	,-195.500000	,-231.000000	,-146.500000	,31.500000	,-304.500000	,20.000000	,143.000000	,260.000000	,97.500000	,25.500000	,-46.500000	,-100.000000	,
-35.500000	,5.000000	,42.500000	,-81.500000	,242.500000	,422.500000	,249.500000	,315.500000	,-286.000000	,97.500000	,-415.000000	,-134.500000	,-335.000000	,-387.000000	,-405.000000	,-597.000000	,-224.000000	,-184.500000	,232.500000	,250.500000	,215.500000	,215.500000	,196.000000	,342.500000	,341.500000	,357.500000	,385.000000	,0.500000	,-123.500000	,93.500000	,21.500000	,-1.000000	,-124.000000	,59.000000	,154.000000	,228.000000	,72.500000	,-9.500000	,-246.500000	,-326.500000	,-528.000000	,-442.500000	,-416.000000	,-260.000000	,-494.000000	,-129.500000	,-294.500000	,-278.000000	,-442.000000	,-90.000000	,-45.000000	,-42.000000	,-193.000000	,-317.500000	,200.000000	,32.000000	,109.500000	,113.500000	,20.500000	,292.000000	,1.000000	,62.000000	,-96.500000	,75.500000	,-138.500000	,206.500000	,-156.000000	,159.500000	,-50.000000	,86.500000	,-25.500000	,461.500000	,348.000000	,461.000000	,110.500000	,79.000000	,170.000000	,170.500000	,77.500000	,319.500000	,272.500000	,482.500000	,68.500000	,212.000000	,462.000000	,1159.500000	,908.500000	,543.500000	,131.500000	,232.500000	,109.500000	,145.000000	,-26.500000	,-137.500000	,-203.500000	,-380.000000	,-324.000000	,-85.500000	,19.500000	,-63.000000	,61.000000	,37.000000	,63.000000	,71.000000	,213.500000	,82.500000	,-21.000000	,-270.000000	,-102.000000	,-7.500000	,222.500000	,179.500000	,194.000000	,155.000000	,63.000000	,186.000000	,325.500000	,402.000000	,149.500000	,28.500000	,319.500000	,264.000000	,215.000000	,115.000000	,72.500000	,110.000000	,77.500000	,77.500000	,-105.500000	,-180.000000	,-207.000000	,-24.000000	,-78.000000	,-81.000000	,-91.500000	,-69.000000	,-66.000000	,-55.500000	,-93.000000	,-29.000000	,13.000000	,-9.500000	,162.500000	,59.000000	,74.000000	,-114.000000	,-10.000000	,53.500000	,-132.500000	,15.000000	,-116.000000	,161.000000	,-6.500000	,100.500000	,-278.500000	,-54.000000	,-738.000000	,-793.500000	,-1420.500000	,-1198.000000	,-775.500000	,-85.000000	,430.000000	,523.500000	,241.500000	,409.500000	,181.500000	,135.000000	,-89.500000	,-432.000000	,-322.500000	,-16.500000	,212.500000	,447.500000	,297.000000	,217.500000	,176.000000	,133.000000	,-103.000000	,92.000000	,94.500000	,211.500000	,294.000000	,202.000000	,473.500000	,523.000000	,229.500000	,106.000000	,-109.000000	,-51.000000	,-106.000000	,-171.500000	,-239.000000	,-404.500000	,-387.000000	,-316.500000	,59.500000	,307.500000	,71.000000	,-82.000000	,-453.500000	,-81.500000	,81.000000	,272.500000	,150.000000	,-71.500000	,238.000000	,306.500000	,337.500000	,212.000000	,70.000000	,108.000000	,-28.500000	,-17.500000	,3.500000	,-30.000000	,-119.000000	,51.000000	,252.500000	,139.500000	,189.000000	,-204.500000	,154.000000	,-1.000000	,306.000000	,87.500000	,56.500000	,-89.500000	,-22.000000	,133.500000	,183.500000	,-202.500000	,-17.500000	,-290.500000	,125.000000	,-177.000000	,-100.500000	,-49.500000	,-52.000000	,-39.500000	,
-319.000000	,-313.500000	,-169.500000	,-37.500000	,35.500000	,26.500000	,-98.000000	,-44.500000	,-67.000000	,22.000000	,-200.000000	,-190.500000	,227.000000	,493.500000	,324.000000	,-8.000000	,-268.000000	,-156.000000	,8.000000	,162.500000	,-165.000000	,-109.000000	,-169.000000	,6.500000	,-31.500000	,26.500000	,-380.500000	,-269.000000	,-88.500000	,-54.500000	,112.500000	,88.500000	,406.500000	,-119.000000	,-118.000000	,-406.000000	,-202.000000	,156.000000	,101.500000	,103.000000	,455.500000	,198.000000	,519.500000	,284.500000	,-44.500000	,-247.500000	,-216.500000	,-104.000000	,137.000000	,206.000000	,-2.500000	,66.000000	,-175.500000	,-44.000000	,-31.000000	,-97.500000	,-186.000000	,-325.500000	,-177.500000	,-402.000000	,-91.000000	,-170.500000	,-0.500000	,-11.500000	,43.000000	,-204.500000	,376.500000	,187.000000	,586.000000	,-10.000000	,220.000000	,-125.500000	,402.500000	,425.500000	,317.000000	,321.000000	,43.500000	,107.500000	,-430.000000	,-34.500000	,140.000000	,310.000000	,14.000000	,-58.500000	,-231.500000	,-41.500000	,18.000000	,-42.500000	,30.500000	,-66.500000	,51.000000	,105.500000	,77.000000	,188.000000	,245.000000	,210.500000	,90.500000	,-73.000000	,5.000000	,6.500000	,46.500000	,40.500000	,-201.500000	,-54.000000	,-286.500000	,189.000000	,428.500000	,653.500000	,364.000000	,111.000000	,-100.500000	,31.000000	,3.000000	,297.000000	,35.000000	,149.000000	,-19.000000	,83.000000	,-10.500000	,15.000000	,-75.000000	,70.500000	,-178.500000	,-108.000000	,-168.000000	,-39.000000	,-27.000000	,-27.000000	,-138.000000	,21.000000	,-111.000000	,-39.000000	,-26.500000	,42.000000	,-7.500000	,-117.500000	,-130.000000	,-126.500000	,-12.500000	,-22.000000	,-42.000000	,67.000000	,59.500000	,-2.000000	,37.500000	,-17.000000	,118.000000	,88.000000	,349.000000	,325.000000	,88.000000	,-100.500000	,11.000000	,-307.000000	,-676.000000	,-1005.500000	,-460.000000	,196.500000	,103.000000	,2.000000	,25.000000	,188.500000	,260.500000	,-203.000000	,-278.500000	,-87.500000	,160.500000	,-205.500000	,-64.500000	,-95.500000	,110.000000	,23.500000	,106.000000	,-30.500000	,-190.500000	,-266.500000	,-58.000000	,-172.000000	,20.500000	,-218.500000	,83.000000	,-190.000000	,-132.000000	,-237.000000	,-69.000000	,22.000000	,402.500000	,328.500000	,463.500000	,297.500000	,350.500000	,385.500000	,65.000000	,-158.000000	,-339.500000	,-326.500000	,86.500000	,77.000000	,-3.000000	,-180.500000	,-183.500000	,465.000000	,388.500000	,371.500000	,-105.000000	,-182.500000	,-114.000000	,-2.500000	,12.500000	,-115.500000	,-51.000000	,144.500000	,-314.500000	,-79.000000	,-291.000000	,-8.500000	,-324.000000	,-148.500000	,-210.500000	,103.500000	,-224.500000	,120.500000	,-158.500000	,63.000000	,127.500000	,308.000000	,127.000000	,57.000000	,-68.000000	,163.000000	,437.500000	,-100.000000	,0.000000	,-169.000000	,-2.000000	,153.000000	,-132.000000	,-27.000000	,-200.000000	,-154.000000	,
46.000000	,-86.000000	,156.000000	,-48.000000	,79.500000	,-44.500000	,-12.500000	,-44.500000	,-1.000000	,187.500000	,104.500000	,339.000000	,190.000000	,307.000000	,221.500000	,147.000000	,-74.000000	,14.000000	,-108.000000	,93.500000	,39.000000	,363.500000	,215.000000	,228.000000	,26.000000	,-12.500000	,158.500000	,-241.500000	,-390.000000	,-318.500000	,-117.500000	,334.000000	,392.500000	,250.500000	,150.500000	,-111.000000	,108.500000	,129.000000	,73.000000	,41.000000	,-26.500000	,-42.000000	,-298.500000	,92.000000	,231.500000	,493.500000	,216.000000	,311.500000	,242.000000	,430.500000	,149.500000	,192.000000	,-167.000000	,156.500000	,-110.000000	,41.000000	,2.000000	,315.500000	,245.500000	,-10.500000	,152.500000	,245.000000	,474.000000	,80.500000	,35.000000	,-191.500000	,199.000000	,-83.000000	,-113.000000	,-4.000000	,288.500000	,105.500000	,-234.000000	,-336.000000	,-324.000000	,-88.500000	,-135.000000	,-20.000000	,149.000000	,98.000000	,43.000000	,-264.000000	,-38.500000	,-68.000000	,29.500000	,-103.000000	,79.500000	,-88.500000	,-217.500000	,-159.000000	,-65.500000	,-29.500000	,-85.500000	,-86.000000	,-31.000000	,293.500000	,295.500000	,167.000000	,-181.000000	,-215.000000	,-198.500000	,-107.000000	,136.000000	,109.000000	,34.000000	,-213.000000	,-273.000000	,-160.500000	,-186.000000	,-72.000000	,-162.000000	,-72.000000	,-54.500000	,86.500000	,336.000000	,98.000000	,180.500000	,-151.500000	,55.500000	,142.500000	,0.000000	,-72.000000	,-68.000000	,7.000000	,-29.000000	,-159.000000	,-147.000000	,-60.000000	,233.000000	,300.000000	,300.000000	,10.000000	,-46.000000	,-37.000000	,-131.500000	,-174.000000	,-316.500000	,-218.500000	,-136.500000	,100.500000	,31.000000	,-16.500000	,-19.500000	,99.500000	,95.000000	,135.000000	,-60.500000	,-45.500000	,-49.000000	,-11.500000	,-233.500000	,-72.000000	,-58.500000	,87.000000	,170.500000	,-314.000000	,-329.500000	,-284.000000	,-98.000000	,-189.000000	,107.500000	,-154.500000	,191.000000	,59.500000	,32.000000	,-61.000000	,-368.000000	,148.000000	,-193.000000	,472.500000	,75.000000	,674.500000	,484.500000	,87.000000	,-79.000000	,-402.500000	,-112.500000	,112.000000	,484.500000	,294.500000	,149.500000	,-142.000000	,-173.500000	,-58.000000	,-342.000000	,-328.000000	,-205.500000	,-249.000000	,-105.500000	,-177.500000	,-152.000000	,170.000000	,469.500000	,604.000000	,484.500000	,418.500000	,-32.000000	,-5.500000	,-228.000000	,127.500000	,139.000000	,191.000000	,-175.000000	,-278.500000	,-31.500000	,-59.500000	,-283.500000	,-151.500000	,-112.000000	,209.000000	,84.000000	,254.000000	,157.000000	,-169.000000	,-199.000000	,-563.000000	,-100.500000	,-11.000000	,-122.000000	,76.500000	,-178.500000	,256.500000	,-149.500000	,27.000000	,59.500000	,-12.000000	,-83.000000	,-291.500000	,-340.500000	,-150.500000	,-234.000000	,-327.000000	,-296.000000	,-398.500000	,114.000000	,55.500000	,108.500000	,-99.000000	,-294.000000	,-255.000000	,
132.500000	,395.500000	,35.500000	,59.500000	,-126.000000	,-114.000000	,77.000000	,252.500000	,360.500000	,425.500000	,446.500000	,234.000000	,62.000000	,-11.000000	,-226.500000	,-16.000000	,-31.500000	,-128.500000	,-113.000000	,-320.000000	,-201.000000	,96.500000	,450.000000	,405.000000	,305.000000	,328.500000	,404.000000	,311.500000	,94.000000	,-142.500000	,-281.500000	,-187.500000	,-183.000000	,78.000000	,288.500000	,36.000000	,-188.500000	,-547.500000	,-478.000000	,-391.000000	,-277.000000	,117.500000	,103.500000	,130.000000	,38.000000	,-127.000000	,38.500000	,-274.500000	,45.500000	,-106.500000	,516.000000	,-20.000000	,217.500000	,-138.000000	,334.000000	,191.500000	,-92.500000	,65.500000	,-302.000000	,255.000000	,-16.000000	,351.500000	,130.000000	,15.000000	,290.500000	,159.000000	,165.500000	,-203.000000	,-206.500000	,-198.500000	,-235.500000	,-69.000000	,-450.500000	,-428.500000	,-276.500000	,2.500000	,283.000000	,278.500000	,268.500000	,72.000000	,-352.000000	,-156.000000	,106.500000	,188.500000	,115.000000	,-258.000000	,-49.000000	,-122.500000	,190.500000	,115.000000	,223.000000	,32.500000	,-13.000000	,-14.000000	,-38.500000	,-100.500000	,-83.000000	,-120.000000	,-223.500000	,-153.000000	,-179.000000	,-272.000000	,-27.500000	,-159.000000	,181.000000	,-89.000000	,29.000000	,-164.000000	,-162.500000	,-72.000000	,-99.500000	,-133.000000	,-36.500000	,-126.000000	,-19.000000	,204.000000	,219.000000	,163.500000	,-12.500000	,14.500000	,64.000000	,-34.500000	,79.000000	,126.000000	,31.500000	,-101.500000	,-160.500000	,-72.000000	,-87.000000	,-93.000000	,-283.500000	,-180.500000	,-233.500000	,24.500000	,78.000000	,363.500000	,131.500000	,183.500000	,-211.000000	,-76.500000	,-37.500000	,-28.000000	,-60.500000	,-75.500000	,-85.000000	,-85.500000	,-174.000000	,-22.500000	,-174.000000	,-105.000000	,278.500000	,130.000000	,196.000000	,390.000000	,388.500000	,589.000000	,-243.000000	,-225.500000	,-295.000000	,-70.000000	,-108.000000	,-134.000000	,-221.000000	,-246.000000	,-18.000000	,432.000000	,401.000000	,518.500000	,3.000000	,-318.000000	,12.000000	,-267.000000	,176.500000	,-124.000000	,254.500000	,-10.500000	,20.000000	,-178.000000	,-197.500000	,45.000000	,-80.000000	,602.500000	,96.000000	,394.500000	,150.000000	,103.500000	,-453.000000	,-150.000000	,-92.500000	,145.500000	,-208.500000	,-263.500000	,-305.000000	,-57.500000	,-139.500000	,60.500000	,-47.000000	,106.500000	,292.500000	,-14.500000	,322.000000	,-296.500000	,-305.000000	,-500.000000	,89.500000	,-166.500000	,-238.500000	,-401.500000	,-385.500000	,48.500000	,-245.000000	,18.000000	,37.500000	,290.500000	,275.000000	,93.500000	,-24.000000	,-106.000000	,-51.000000	,-24.000000	,259.000000	,-215.000000	,5.000000	,-91.500000	,100.000000	,15.000000	,-26.500000	,185.000000	,166.500000	,242.000000	,225.500000	,50.500000	,123.500000	,-188.500000	,-96.500000	,-155.000000	,71.000000	,-64.000000	,288.500000	,-26.500000	,
90.000000	,163.000000	,-45.500000	,-265.500000	,-132.000000	,-32.500000	,177.000000	,141.000000	,19.500000	,-33.500000	,-367.500000	,14.500000	,-3.000000	,88.000000	,-60.500000	,-151.500000	,87.500000	,372.000000	,326.500000	,186.500000	,65.000000	,-254.000000	,-50.000000	,-373.500000	,15.000000	,-96.000000	,163.500000	,92.500000	,360.500000	,321.000000	,170.500000	,-61.500000	,-15.500000	,-291.500000	,92.500000	,73.500000	,330.500000	,79.000000	,22.500000	,50.000000	,71.500000	,222.500000	,294.000000	,161.500000	,254.500000	,220.500000	,249.500000	,268.000000	,271.500000	,17.000000	,-137.500000	,57.500000	,-134.500000	,-111.000000	,-389.000000	,-480.500000	,-352.500000	,-501.000000	,-417.000000	,-361.500000	,-208.500000	,-58.000000	,150.000000	,234.500000	,141.000000	,133.500000	,-89.500000	,270.500000	,138.000000	,21.000000	,-301.500000	,-304.500000	,-111.000000	,276.500000	,76.500000	,2.000000	,-179.500000	,-6.500000	,-269.000000	,-82.000000	,-333.500000	,3.000000	,-423.000000	,-195.500000	,74.000000	,420.500000	,250.500000	,268.000000	,107.500000	,165.000000	,-40.000000	,-24.500000	,-107.500000	,-91.000000	,-187.500000	,-40.000000	,139.500000	,270.000000	,341.000000	,428.500000	,268.000000	,164.500000	,80.500000	,167.000000	,61.500000	,259.000000	,90.000000	,305.000000	,-18.000000	,73.500000	,-187.000000	,27.500000	,58.500000	,-34.500000	,-47.000000	,-147.000000	,42.000000	,-73.500000	,33.000000	,-166.500000	,-2.000000	,82.000000	,125.500000	,19.500000	,-27.500000	,143.000000	,72.500000	,82.000000	,-132.000000	,-15.000000	,-358.500000	,-104.000000	,-470.000000	,-29.000000	,-140.500000	,48.500000	,325.500000	,118.000000	,237.000000	,-111.000000	,65.000000	,-9.000000	,-61.000000	,-105.000000	,-117.000000	,-10.500000	,189.500000	,225.500000	,144.500000	,109.000000	,55.500000	,1.500000	,-14.500000	,-336.500000	,-104.000000	,-40.000000	,98.500000	,290.500000	,280.500000	,405.500000	,154.500000	,-109.000000	,-25.000000	,-35.500000	,-297.500000	,-586.500000	,-239.500000	,-387.000000	,295.000000	,-117.500000	,234.500000	,-223.500000	,-67.000000	,-70.000000	,368.000000	,411.000000	,1.000000	,-234.500000	,-353.500000	,-52.000000	,-73.000000	,-188.000000	,-397.000000	,-523.500000	,4.500000	,-29.000000	,294.000000	,153.000000	,14.000000	,42.000000	,-103.500000	,-142.000000	,-412.000000	,-710.000000	,-210.000000	,-286.500000	,79.000000	,-139.500000	,-77.000000	,272.500000	,149.000000	,276.500000	,92.000000	,-9.000000	,-65.000000	,-47.000000	,82.500000	,62.500000	,103.000000	,-123.000000	,50.000000	,-352.500000	,-71.500000	,-51.500000	,436.500000	,333.000000	,383.500000	,51.500000	,248.500000	,166.000000	,438.500000	,458.000000	,540.500000	,412.000000	,453.500000	,-13.000000	,-6.500000	,-177.500000	,-233.000000	,-103.500000	,14.000000	,363.500000	,279.000000	,-164.000000	,60.000000	,-202.000000	,-99.500000	,76.000000	,272.000000	,292.000000	,
-225.500000	,-280.000000	,-186.000000	,116.000000	,161.000000	,197.500000	,-181.500000	,-184.500000	,-159.500000	,-106.000000	,215.000000	,69.500000	,55.000000	,-418.000000	,-54.500000	,-161.000000	,156.500000	,-19.000000	,44.000000	,137.500000	,143.500000	,73.500000	,-206.500000	,32.500000	,80.000000	,45.500000	,-118.500000	,-161.000000	,264.000000	,126.000000	,198.500000	,113.500000	,131.500000	,-82.500000	,-142.500000	,66.000000	,71.500000	,401.000000	,185.000000	,4.500000	,-88.500000	,-364.500000	,-113.500000	,149.500000	,302.000000	,369.500000	,32.500000	,-185.000000	,-252.500000	,-227.000000	,-164.500000	,243.500000	,424.500000	,375.500000	,-24.000000	,-209.000000	,20.000000	,-53.500000	,137.500000	,-207.500000	,-127.500000	,-296.500000	,-136.500000	,-160.000000	,-52.000000	,-202.000000	,-273.000000	,-345.500000	,-82.500000	,-214.500000	,88.000000	,-59.500000	,265.500000	,289.500000	,61.500000	,-13.000000	,-267.000000	,-273.000000	,-79.000000	,-439.000000	,44.500000	,-146.500000	,-68.500000	,-249.000000	,-208.500000	,-7.500000	,7.500000	,-55.500000	,-88.500000	,-70.500000	,-123.000000	,-90.000000	,86.500000	,196.500000	,392.500000	,223.500000	,113.500000	,-64.500000	,22.000000	,-20.000000	,21.000000	,76.000000	,148.000000	,134.000000	,-104.000000	,-27.500000	,19.000000	,102.000000	,239.000000	,153.500000	,282.500000	,222.500000	,246.500000	,-21.000000	,-106.500000	,-302.500000	,-305.000000	,-86.500000	,0.000000	,-72.000000	,-91.000000	,-193.000000	,-2.500000	,-115.500000	,137.000000	,107.000000	,211.000000	,68.000000	,220.000000	,135.500000	,352.500000	,188.500000	,519.500000	,239.500000	,278.500000	,-21.500000	,-162.500000	,-61.500000	,-119.500000	,-50.500000	,-94.500000	,52.500000	,0.500000	,92.000000	,30.500000	,-87.000000	,-178.500000	,-216.000000	,24.000000	,97.500000	,22.500000	,128.500000	,8.500000	,44.000000	,-6.500000	,122.000000	,259.500000	,-262.000000	,-25.000000	,-28.000000	,-43.000000	,-66.000000	,-174.500000	,-217.000000	,272.000000	,140.500000	,-23.000000	,-176.000000	,-264.000000	,-331.000000	,-605.000000	,-382.000000	,-349.000000	,-120.000000	,-81.500000	,240.500000	,208.000000	,146.000000	,272.000000	,-234.500000	,-441.000000	,-630.500000	,-259.000000	,-3.500000	,151.500000	,219.500000	,411.000000	,295.000000	,-63.000000	,-121.000000	,-238.000000	,80.000000	,-13.000000	,122.500000	,182.000000	,-62.000000	,-41.500000	,-333.500000	,-219.000000	,-309.000000	,-261.000000	,-124.000000	,279.000000	,313.000000	,309.000000	,146.500000	,208.000000	,187.500000	,197.000000	,340.000000	,462.000000	,482.500000	,333.500000	,84.500000	,-246.000000	,-72.500000	,-61.000000	,410.500000	,257.500000	,190.500000	,151.500000	,205.500000	,121.500000	,-125.000000	,-26.500000	,120.500000	,56.500000	,404.000000	,205.500000	,62.500000	,238.000000	,123.000000	,527.000000	,253.500000	,242.500000	,226.500000	,-8.500000	,-62.500000	,-99.000000	,-98.500000	,
-95.500000	,-314.500000	,174.500000	,-37.000000	,37.500000	,-62.500000	,-138.500000	,13.000000	,-260.500000	,-58.000000	,83.000000	,208.000000	,104.000000	,-351.000000	,40.500000	,95.500000	,338.500000	,207.500000	,97.000000	,34.000000	,96.500000	,42.000000	,89.000000	,-101.500000	,-154.500000	,-273.000000	,-248.500000	,-167.000000	,221.500000	,13.500000	,-193.000000	,-424.500000	,-34.000000	,145.500000	,204.000000	,-20.500000	,61.000000	,-14.500000	,-19.500000	,139.000000	,176.000000	,52.000000	,-265.000000	,-178.000000	,-458.500000	,-401.000000	,-468.500000	,-132.500000	,-75.000000	,126.000000	,35.000000	,-49.000000	,1.000000	,-109.000000	,424.000000	,384.000000	,725.000000	,581.500000	,821.500000	,468.000000	,402.000000	,221.500000	,222.000000	,239.000000	,-5.500000	,38.000000	,-159.500000	,-145.000000	,208.500000	,242.500000	,338.500000	,301.500000	,368.000000	,257.000000	,332.500000	,24.500000	,12.500000	,-102.500000	,-156.000000	,107.500000	,42.500000	,293.000000	,537.500000	,662.500000	,365.000000	,163.000000	,48.500000	,-20.500000	,13.000000	,-118.000000	,26.000000	,10.000000	,99.000000	,156.000000	,44.000000	,48.000000	,-81.000000	,-57.000000	,-57.000000	,-129.000000	,-64.500000	,-76.500000	,-190.500000	,-147.000000	,-12.500000	,80.500000	,77.500000	,-45.000000	,-35.000000	,36.500000	,36.500000	,11.500000	,-21.000000	,-29.500000	,-5.500000	,-250.000000	,-321.000000	,-250.000000	,-200.500000	,-39.000000	,-0.500000	,32.500000	,46.500000	,78.500000	,-38.500000	,-194.500000	,-268.500000	,-307.500000	,-237.000000	,-267.500000	,-109.000000	,92.000000	,98.500000	,-60.000000	,-65.000000	,-224.000000	,-148.000000	,5.500000	,-62.000000	,70.500000	,-139.500000	,-45.000000	,-57.500000	,50.500000	,-152.000000	,-230.500000	,-116.000000	,-78.500000	,-9.000000	,2.500000	,-66.500000	,0.000000	,-201.500000	,-22.500000	,-87.500000	,-50.000000	,-270.500000	,-95.500000	,-169.000000	,-303.000000	,-336.500000	,-255.000000	,-2.500000	,131.000000	,142.500000	,382.500000	,51.000000	,-102.500000	,-3.500000	,143.500000	,150.000000	,210.000000	,-376.000000	,-427.500000	,-612.500000	,-454.000000	,-196.000000	,-87.500000	,17.000000	,-259.500000	,-98.000000	,-56.500000	,221.000000	,306.500000	,308.000000	,342.500000	,-50.000000	,-0.500000	,-210.500000	,-280.500000	,-265.000000	,-185.000000	,40.000000	,204.000000	,46.500000	,-215.500000	,-177.000000	,293.500000	,106.000000	,16.500000	,-287.000000	,-159.000000	,-391.500000	,-305.500000	,-477.000000	,-416.500000	,-335.500000	,46.500000	,-11.000000	,54.000000	,-249.500000	,-262.500000	,-190.500000	,-298.000000	,-123.000000	,-204.000000	,122.500000	,-16.000000	,59.000000	,64.500000	,-420.500000	,-64.500000	,-66.500000	,-72.500000	,-228.000000	,-337.500000	,-338.000000	,-189.500000	,-95.500000	,-75.500000	,74.000000	,179.500000	,194.000000	,-71.000000	,-178.500000	,13.000000	,244.500000	,307.000000	,87.000000	,-24.000000	,
86.500000	,355.000000	,179.000000	,196.000000	,100.500000	,59.000000	,2.000000	,40.000000	,-218.500000	,-36.500000	,73.500000	,259.000000	,45.000000	,241.000000	,42.500000	,207.000000	,151.500000	,-29.500000	,-27.500000	,-219.000000	,-332.500000	,-349.000000	,-27.500000	,-47.000000	,-87.000000	,-77.500000	,13.000000	,78.000000	,-207.000000	,-466.000000	,-386.000000	,-234.500000	,-102.000000	,7.500000	,-61.000000	,192.500000	,275.000000	,228.000000	,29.500000	,69.000000	,149.000000	,213.500000	,107.500000	,-178.000000	,-371.000000	,-595.500000	,-373.000000	,52.000000	,444.500000	,37.500000	,-190.000000	,-325.500000	,-367.500000	,-258.000000	,-210.000000	,96.500000	,-6.500000	,222.500000	,118.500000	,287.000000	,245.000000	,-34.000000	,-210.000000	,-262.500000	,-240.000000	,-51.000000	,178.500000	,375.500000	,293.500000	,261.500000	,88.000000	,275.500000	,-238.500000	,-173.000000	,-418.000000	,-92.000000	,181.500000	,221.500000	,273.500000	,482.500000	,223.500000	,43.500000	,-281.500000	,-82.500000	,-241.500000	,-171.500000	,-165.000000	,-2.000000	,-8.000000	,20.000000	,44.000000	,23.000000	,-96.500000	,-40.500000	,-228.000000	,-168.000000	,-121.000000	,10.000000	,73.000000	,11.000000	,29.500000	,4.000000	,-149.000000	,-13.000000	,-105.500000	,87.500000	,-14.000000	,-53.500000	,-215.000000	,-84.000000	,-130.500000	,-59.000000	,-90.500000	,73.500000	,271.000000	,393.000000	,530.000000	,252.000000	,57.500000	,165.500000	,-5.500000	,132.000000	,-18.000000	,75.000000	,-165.500000	,-207.000000	,-192.000000	,-333.000000	,-226.500000	,-357.000000	,-69.500000	,-137.000000	,47.500000	,-200.000000	,-29.000000	,-254.000000	,58.500000	,-141.000000	,216.000000	,39.000000	,-64.500000	,-177.000000	,-90.000000	,60.000000	,-57.000000	,156.000000	,161.500000	,251.500000	,35.500000	,-34.500000	,50.500000	,92.500000	,185.000000	,278.500000	,-96.000000	,96.500000	,-50.500000	,190.500000	,149.000000	,166.000000	,204.500000	,376.500000	,411.000000	,74.500000	,-113.000000	,-513.000000	,-240.500000	,-97.000000	,74.000000	,247.000000	,191.500000	,-110.000000	,-31.500000	,91.000000	,248.500000	,229.500000	,230.000000	,-64.000000	,-172.500000	,-260.500000	,-112.000000	,119.500000	,-64.000000	,-42.000000	,-99.000000	,-526.500000	,-260.000000	,-175.000000	,-45.000000	,324.000000	,159.500000	,242.000000	,347.000000	,117.500000	,168.000000	,-114.500000	,153.500000	,-24.500000	,281.000000	,103.000000	,5.000000	,-266.500000	,-271.500000	,-195.000000	,57.500000	,293.500000	,383.000000	,74.500000	,-253.000000	,-355.500000	,-620.500000	,-382.000000	,-336.500000	,-154.000000	,-138.500000	,73.500000	,-445.500000	,-374.000000	,-464.000000	,-326.500000	,-295.000000	,-322.500000	,-31.500000	,435.500000	,450.500000	,192.500000	,80.000000	,-85.000000	,-288.000000	,-357.000000	,-749.000000	,-240.000000	,-330.000000	,-189.500000	,-181.500000	,-306.000000	,-193.500000	,-112.500000	,-24.000000	,-20.500000	,
-27.000000	,-174.500000	,-164.500000	,-76.500000	,-12.000000	,28.500000	,83.000000	,-50.000000	,301.500000	,176.000000	,-31.500000	,-71.000000	,-110.500000	,269.000000	,604.500000	,485.500000	,283.000000	,-38.500000	,-198.500000	,-129.500000	,-194.000000	,-161.500000	,-160.000000	,179.000000	,171.000000	,235.000000	,142.500000	,193.500000	,123.500000	,127.500000	,338.500000	,257.000000	,19.000000	,-215.500000	,-267.500000	,-306.000000	,-312.000000	,-299.000000	,-82.000000	,-10.500000	,-76.000000	,-530.000000	,-341.500000	,-289.500000	,160.000000	,52.000000	,408.000000	,64.500000	,7.000000	,-109.500000	,-269.500000	,-55.000000	,-80.500000	,333.500000	,-157.000000	,-52.500000	,-97.000000	,-95.500000	,-308.500000	,-90.000000	,-72.000000	,-16.500000	,-416.500000	,-298.500000	,-243.500000	,-117.000000	,154.500000	,48.000000	,12.500000	,-121.500000	,98.500000	,37.000000	,9.500000	,-193.500000	,45.000000	,25.000000	,102.500000	,-17.500000	,-84.000000	,-158.000000	,-161.000000	,-199.000000	,-174.500000	,-91.000000	,-142.000000	,-141.500000	,-47.000000	,103.000000	,100.000000	,38.000000	,66.500000	,-41.500000	,25.500000	,-42.000000	,52.000000	,-98.000000	,-113.000000	,-123.500000	,31.000000	,-138.500000	,-258.000000	,-334.500000	,-40.500000	,76.500000	,215.000000	,30.500000	,61.000000	,-41.500000	,134.000000	,-6.000000	,51.000000	,-132.000000	,-29.500000	,-19.000000	,77.000000	,257.500000	,160.000000	,34.000000	,-143.000000	,-41.000000	,-20.000000	,0.000000	,-93.000000	,0.000000	,-13.000000	,279.500000	,258.500000	,274.000000	,330.500000	,228.000000	,210.500000	,-36.500000	,-27.000000	,19.500000	,102.000000	,237.000000	,82.500000	,311.500000	,-14.000000	,-15.500000	,-117.000000	,-48.000000	,-3.000000	,0.000000	,229.500000	,-13.500000	,94.500000	,-163.500000	,-22.000000	,12.500000	,-107.500000	,-154.500000	,-80.000000	,-162.500000	,-159.500000	,-29.500000	,-212.500000	,-107.500000	,-292.000000	,99.500000	,305.000000	,674.500000	,177.000000	,110.000000	,-52.000000	,105.000000	,327.000000	,196.500000	,-43.000000	,-94.500000	,-283.000000	,-178.500000	,121.000000	,316.000000	,212.500000	,-24.000000	,-180.500000	,-217.500000	,103.500000	,176.000000	,125.000000	,19.500000	,-31.000000	,146.000000	,-203.000000	,-146.500000	,-342.500000	,-531.500000	,-384.000000	,-481.500000	,-54.500000	,74.000000	,-176.500000	,-22.500000	,-74.000000	,235.500000	,156.000000	,-52.500000	,131.500000	,-124.000000	,255.500000	,-35.000000	,325.000000	,113.500000	,230.000000	,92.000000	,181.500000	,-155.000000	,-288.500000	,-99.500000	,-49.500000	,172.500000	,-58.500000	,431.500000	,189.000000	,274.500000	,-92.000000	,-423.500000	,-229.000000	,-197.500000	,85.000000	,-64.500000	,-130.500000	,-233.000000	,-314.500000	,-184.500000	,-60.500000	,-18.000000	,236.500000	,27.000000	,66.500000	,-84.000000	,94.500000	,-43.000000	,-22.000000	,14.000000	,-352.000000	,-86.500000	,-252.000000	,-235.000000	,
15.000000	,-97.000000	,-93.000000	,-114.000000	,-199.500000	,-195.500000	,-480.500000	,-389.000000	,-673.000000	,-608.500000	,-765.000000	,-745.500000	,-583.500000	,-649.500000	,-569.000000	,-841.500000	,-803.000000	,-829.000000	,-828.500000	,-771.500000	,-387.000000	,-440.000000	,-722.500000	,-882.000000	,-967.000000	,-1052.000000	,-1050.500000	,-969.000000	,-682.000000	,-264.000000	,-369.500000	,-585.000000	,-735.000000	,-750.000000	,-748.500000	,-461.500000	,-441.500000	,-510.000000	,-618.500000	,-527.500000	,-268.500000	,-144.000000	,-275.000000	,-338.000000	,-577.000000	,-444.500000	,-547.500000	,-374.000000	,-598.500000	,-276.000000	,-320.000000	,-452.000000	,-398.500000	,-553.000000	,-354.000000	,-671.500000	,-568.500000	,-616.000000	,-835.000000	,-1075.500000	,-1140.500000	,-979.000000	,-602.500000	,-473.500000	,-608.000000	,-431.000000	,-822.000000	,-723.000000	,-978.500000	,-1146.500000	,-870.500000	,-1357.500000	,-756.000000	,-602.000000	,-507.500000	,-554.000000	,-830.500000	,-531.000000	,-390.000000	,-313.500000	,-642.500000	,-645.500000	,-687.000000	,-577.000000	,-165.000000	,-92.500000	,64.000000	,-250.500000	,-280.500000	,-300.000000	,-72.000000	,-196.500000	,11.000000	,-57.000000	,203.500000	,188.500000	,240.000000	,40.000000	,63.500000	,56.500000	,135.000000	,111.500000	,76.500000	,-160.000000	,-349.500000	,-334.500000	,-217.000000	,94.000000	,64.000000	,87.500000	,-189.000000	,-13.000000	,57.000000	,123.000000	,-63.500000	,-181.500000	,-106.500000	,-196.500000	,152.000000	,-94.000000	,232.000000	,29.000000	,29.000000	,-246.000000	,-48.000000	,80.000000	,30.500000	,86.000000	,-16.500000	,35.500000	,-126.500000	,31.000000	,-10.500000	,77.500000	,46.000000	,-89.000000	,19.500000	,40.500000	,16.500000	,-90.000000	,70.000000	,74.500000	,8.500000	,-42.000000	,13.000000	,90.500000	,140.000000	,10.000000	,-94.000000	,-139.000000	,-142.000000	,-99.000000	,-29.000000	,82.500000	,380.000000	,584.000000	,583.500000	,542.000000	,853.000000	,412.000000	,455.000000	,324.500000	,520.000000	,600.000000	,826.500000	,810.000000	,1029.000000	,778.500000	,755.000000	,679.000000	,798.500000	,1129.000000	,1025.000000	,750.500000	,843.500000	,877.000000	,891.000000	,718.500000	,735.500000	,865.500000	,718.000000	,715.500000	,694.500000	,965.000000	,718.500000	,929.000000	,1004.000000	,979.500000	,1240.500000	,934.000000	,1068.000000	,701.500000	,732.000000	,910.000000	,670.500000	,536.000000	,521.000000	,584.000000	,591.000000	,684.000000	,903.500000	,715.500000	,1062.000000	,817.000000	,825.500000	,587.500000	,450.500000	,871.000000	,717.000000	,587.500000	,444.000000	,596.000000	,835.500000	,629.500000	,690.500000	,813.500000	,1057.000000	,1056.000000	,989.000000	,514.000000	,359.000000	,243.500000	,147.500000	,130.500000	,270.000000	,665.500000	,698.500000	,802.000000	,934.000000	,919.500000	,1186.000000	,801.500000	,857.000000	,241.500000	,6.500000	,152.500000	,242.500000	,177.500000	,89.000000	,-81.000000	,
-148.500000	,-74.500000	,-18.000000	,246.000000	,-169.000000	,-14.500000	,-298.500000	,-579.500000	,-1022.500000	,-1308.500000	,-1127.000000	,-1289.000000	,-1370.000000	,-1575.000000	,-1311.000000	,-1256.000000	,-1450.000000	,-1054.500000	,-1223.500000	,-924.500000	,-1070.000000	,-879.000000	,-1066.000000	,-1277.500000	,-1266.500000	,-1433.000000	,-1281.500000	,-1396.500000	,-1479.500000	,-1275.000000	,-1482.500000	,-908.500000	,-946.000000	,-691.000000	,-666.000000	,-1069.500000	,-710.500000	,-1017.500000	,-865.000000	,-1256.500000	,-1303.500000	,-1291.500000	,-941.500000	,-854.000000	,-759.500000	,-752.500000	,-1023.000000	,-1031.500000	,-1362.500000	,-1177.000000	,-1153.000000	,-1276.500000	,-1333.500000	,-1408.500000	,-1279.500000	,-1453.000000	,-1055.000000	,-1255.500000	,-645.000000	,-859.000000	,-834.500000	,-873.500000	,-1049.000000	,-413.500000	,-775.500000	,-641.500000	,-1118.000000	,-1098.000000	,-1356.500000	,-1108.000000	,-1150.500000	,-909.000000	,-923.000000	,-1082.000000	,-1079.000000	,-1190.000000	,-1322.000000	,-1246.000000	,-1314.000000	,-1319.500000	,-1056.500000	,-1113.000000	,-996.000000	,-1203.500000	,-620.000000	,-537.000000	,-272.000000	,-279.500000	,-481.500000	,-97.000000	,-76.000000	,279.500000	,115.500000	,180.000000	,-177.000000	,-8.000000	,-11.000000	,32.500000	,-120.500000	,-67.000000	,61.500000	,153.500000	,74.500000	,18.000000	,-118.000000	,-232.000000	,-170.500000	,-307.500000	,-102.500000	,-33.000000	,-7.500000	,87.500000	,-168.000000	,-30.000000	,-156.000000	,-100.500000	,-81.000000	,171.000000	,253.500000	,271.500000	,-18.000000	,-204.000000	,-78.000000	,-324.000000	,130.000000	,10.000000	,-2.000000	,31.000000	,-137.000000	,50.000000	,37.000000	,101.000000	,127.000000	,-1.500000	,-55.000000	,-105.500000	,-133.000000	,-82.000000	,-264.000000	,53.500000	,-231.500000	,-74.000000	,-310.500000	,-316.500000	,-229.500000	,-69.000000	,46.500000	,-70.500000	,-327.000000	,-193.500000	,-24.000000	,176.500000	,200.500000	,140.500000	,326.000000	,660.000000	,1128.500000	,1034.000000	,1153.500000	,858.500000	,982.000000	,755.500000	,918.000000	,790.000000	,1030.500000	,854.500000	,1030.500000	,627.500000	,1016.000000	,1079.500000	,1431.500000	,1154.000000	,1047.500000	,713.500000	,914.000000	,1212.500000	,1190.000000	,1145.000000	,984.000000	,1252.500000	,1498.000000	,1484.500000	,1511.000000	,1135.500000	,1234.000000	,1186.500000	,1300.500000	,1492.000000	,975.000000	,1109.000000	,1060.500000	,887.000000	,496.500000	,689.500000	,694.000000	,976.000000	,883.500000	,916.000000	,985.500000	,1152.500000	,1180.000000	,1360.000000	,972.500000	,1123.000000	,1075.500000	,1251.000000	,1231.500000	,1400.500000	,1485.000000	,1418.000000	,1350.500000	,1293.000000	,1225.500000	,1061.000000	,879.000000	,1248.000000	,1237.000000	,1505.500000	,1260.000000	,1138.000000	,1310.000000	,1031.000000	,958.500000	,975.500000	,1199.500000	,1652.000000	,1567.500000	,1284.000000	,827.000000	,1004.000000	,800.000000	,913.500000	,355.000000	,181.000000	,212.000000	,100.500000	,234.000000	,70.500000	,236.000000	,169.000000	,
-82.000000	,94.500000	,-102.500000	,-69.500000	,80.500000	,-59.500000	,-318.500000	,-269.000000	,-24.500000	,189.000000	,115.500000	,365.500000	,-107.500000	,-145.500000	,-337.000000	,-140.500000	,-18.000000	,-101.000000	,461.000000	,143.500000	,218.500000	,-104.500000	,-251.500000	,-271.500000	,-38.500000	,70.000000	,217.500000	,221.000000	,231.500000	,262.000000	,7.500000	,-84.500000	,2.500000	,168.500000	,174.500000	,216.000000	,53.500000	,68.000000	,-280.500000	,-263.000000	,-392.000000	,-57.500000	,-171.000000	,-36.500000	,-117.000000	,39.500000	,-124.500000	,-242.500000	,-225.000000	,-432.500000	,-117.000000	,-218.500000	,-116.500000	,-81.000000	,-76.000000	,-49.500000	,-13.500000	,-201.000000	,-217.500000	,-23.000000	,102.000000	,-145.500000	,-292.000000	,-501.000000	,-338.000000	,-396.500000	,-316.500000	,-59.000000	,215.000000	,277.500000	,421.500000	,464.500000	,204.500000	,37.000000	,-279.500000	,-330.000000	,71.000000	,-171.000000	,18.500000	,-358.500000	,-364.500000	,-8.000000	,-106.500000	,71.500000	,87.000000	,-30.000000	,3.500000	,204.500000	,177.500000	,195.000000	,-31.500000	,-114.000000	,-325.000000	,-277.000000	,-377.500000	,-54.000000	,-217.500000	,-81.000000	,47.000000	,23.500000	,8.000000	,57.000000	,-121.000000	,195.500000	,435.000000	,469.000000	,259.500000	,-169.000000	,21.000000	,-169.500000	,84.500000	,26.000000	,-49.000000	,-48.000000	,34.500000	,145.000000	,139.000000	,5.500000	,13.500000	,16.500000	,-9.000000	,93.000000	,138.000000	,299.000000	,161.000000	,194.000000	,31.000000	,113.500000	,187.000000	,287.500000	,298.000000	,11.500000	,-126.000000	,-184.500000	,115.000000	,97.500000	,288.500000	,128.500000	,71.500000	,8.000000	,148.500000	,132.500000	,255.500000	,-61.500000	,101.000000	,-95.500000	,-103.500000	,-151.500000	,117.500000	,126.500000	,278.000000	,-103.500000	,-95.500000	,-182.500000	,86.500000	,442.000000	,338.000000	,311.500000	,-103.500000	,364.500000	,30.000000	,391.500000	,-43.500000	,350.500000	,-1.500000	,186.000000	,48.000000	,285.500000	,44.500000	,-220.000000	,-342.000000	,-425.500000	,-482.500000	,-220.500000	,-339.000000	,-25.500000	,-171.000000	,-27.500000	,-213.500000	,-232.500000	,-77.000000	,26.500000	,-33.500000	,-130.500000	,150.000000	,43.500000	,139.000000	,-372.500000	,-252.500000	,-162.500000	,17.500000	,-3.000000	,-169.500000	,133.000000	,192.000000	,210.000000	,59.500000	,311.500000	,334.000000	,355.500000	,-187.000000	,-39.000000	,36.000000	,129.000000	,151.000000	,51.000000	,-138.000000	,-118.500000	,-115.000000	,287.500000	,346.500000	,173.000000	,239.500000	,175.500000	,378.500000	,-62.000000	,240.500000	,-76.000000	,107.000000	,263.500000	,19.000000	,140.000000	,-43.000000	,86.500000	,-114.000000	,-133.000000	,-67.000000	,124.500000	,-190.500000	,-99.500000	,-110.500000	,-85.000000	,-83.500000	,-218.000000	,13.000000	,-36.500000	,5.500000	,9.000000	,-68.500000	,-142.500000	,
230.500000	,384.500000	,373.000000	,-69.000000	,47.000000	,-125.500000	,-34.000000	,153.000000	,-33.500000	,-63.500000	,-215.500000	,136.000000	,347.000000	,330.500000	,264.000000	,118.500000	,41.500000	,310.500000	,125.000000	,-148.500000	,-158.000000	,-135.000000	,117.500000	,1.000000	,5.000000	,92.500000	,188.500000	,249.000000	,50.000000	,-154.500000	,-176.500000	,-207.000000	,-381.500000	,-577.500000	,-619.500000	,-658.000000	,-315.000000	,-392.500000	,-38.000000	,255.000000	,253.500000	,107.000000	,-52.500000	,-406.500000	,70.000000	,-188.000000	,374.500000	,157.000000	,289.000000	,247.000000	,422.500000	,405.500000	,397.000000	,76.000000	,17.000000	,83.000000	,-149.500000	,224.000000	,203.500000	,224.000000	,74.500000	,57.500000	,12.000000	,176.000000	,181.500000	,192.500000	,270.500000	,-105.000000	,95.000000	,189.500000	,74.000000	,150.500000	,-164.500000	,218.500000	,-24.000000	,189.500000	,59.000000	,77.000000	,63.500000	,60.500000	,258.000000	,209.000000	,18.500000	,-108.000000	,-42.500000	,-236.000000	,153.000000	,363.500000	,470.000000	,264.500000	,221.000000	,-95.500000	,-238.000000	,-268.500000	,-127.000000	,177.500000	,155.500000	,150.500000	,177.500000	,124.500000	,192.500000	,48.500000	,107.000000	,-220.500000	,-54.000000	,-24.500000	,115.000000	,327.500000	,293.500000	,317.500000	,-195.000000	,-42.000000	,-46.000000	,77.000000	,18.500000	,-336.000000	,-243.000000	,-235.500000	,-18.000000	,16.500000	,-39.000000	,103.000000	,-12.500000	,59.500000	,-82.500000	,-21.000000	,84.000000	,22.500000	,9.000000	,-102.000000	,-43.500000	,-157.500000	,-25.500000	,-16.000000	,135.500000	,193.000000	,8.500000	,-153.500000	,-125.000000	,-76.000000	,114.000000	,224.000000	,252.500000	,395.500000	,208.500000	,112.500000	,-22.500000	,171.000000	,219.000000	,-52.500000	,-286.500000	,-258.000000	,-39.000000	,14.500000	,152.000000	,112.500000	,-2.500000	,113.500000	,496.500000	,336.000000	,182.500000	,-90.500000	,-238.500000	,-289.000000	,-383.500000	,-264.000000	,-352.000000	,-220.000000	,-345.500000	,-274.000000	,-284.000000	,-128.500000	,97.500000	,148.000000	,76.000000	,94.000000	,73.000000	,319.000000	,323.500000	,47.000000	,-50.500000	,-74.000000	,-321.000000	,-111.500000	,-188.000000	,111.000000	,-388.000000	,33.500000	,-29.000000	,335.500000	,357.000000	,289.000000	,712.000000	,200.000000	,145.000000	,-62.500000	,-277.000000	,-291.500000	,-556.500000	,-327.000000	,-430.500000	,-326.000000	,-292.500000	,193.000000	,42.000000	,12.000000	,-10.000000	,146.000000	,18.500000	,-29.500000	,-62.500000	,41.000000	,95.000000	,-49.000000	,-1.500000	,-185.500000	,-131.500000	,-322.000000	,-149.000000	,-72.000000	,351.500000	,-183.000000	,319.000000	,151.000000	,272.000000	,-196.000000	,-213.000000	,-51.500000	,167.500000	,77.500000	,-65.500000	,-134.000000	,-350.000000	,120.500000	,-81.000000	,99.000000	,-97.500000	,-22.500000	,-99.000000	,-92.500000	,
-155.500000	,-154.500000	,14.000000	,174.500000	,105.500000	,210.000000	,117.500000	,282.500000	,123.500000	,-147.000000	,193.500000	,-284.000000	,4.000000	,-110.000000	,67.000000	,122.000000	,-31.000000	,76.000000	,-43.500000	,24.000000	,-223.500000	,-84.500000	,26.500000	,262.000000	,196.500000	,304.500000	,-56.500000	,108.000000	,-52.000000	,1.500000	,188.500000	,-177.000000	,196.500000	,84.500000	,79.500000	,259.500000	,-267.500000	,-15.000000	,-103.500000	,-72.500000	,48.500000	,-356.500000	,-225.500000	,-128.500000	,-130.000000	,10.000000	,-423.000000	,-178.500000	,60.000000	,197.000000	,63.500000	,-215.000000	,10.000000	,15.500000	,84.500000	,74.500000	,-12.000000	,-316.500000	,-203.500000	,-102.500000	,103.500000	,290.000000	,162.000000	,268.500000	,78.500000	,120.500000	,271.500000	,294.000000	,31.000000	,-226.500000	,-453.500000	,-539.500000	,-288.000000	,-4.500000	,-5.500000	,663.500000	,134.500000	,259.000000	,2.000000	,115.500000	,260.500000	,-29.000000	,-189.500000	,-367.000000	,-113.000000	,-125.500000	,15.500000	,-49.000000	,-33.000000	,-117.000000	,-186.000000	,-63.500000	,150.500000	,345.500000	,176.500000	,6.000000	,15.000000	,-63.000000	,-226.500000	,-137.500000	,-73.000000	,59.500000	,78.000000	,-127.500000	,-42.500000	,-206.000000	,-66.500000	,-65.000000	,4.000000	,-176.000000	,133.000000	,40.000000	,215.500000	,-230.500000	,-335.500000	,-126.000000	,-8.000000	,-4.500000	,-134.500000	,-75.000000	,-95.500000	,-122.500000	,-84.000000	,-3.500000	,-94.000000	,-176.000000	,-96.000000	,-140.500000	,-17.500000	,-132.000000	,-26.000000	,264.000000	,279.000000	,233.000000	,0.000000	,-19.500000	,-76.500000	,30.000000	,191.000000	,205.000000	,101.500000	,-113.000000	,-140.500000	,-67.000000	,-105.000000	,-102.000000	,-105.000000	,9.000000	,-148.500000	,-184.000000	,-422.500000	,24.500000	,10.500000	,109.500000	,-73.000000	,-68.500000	,58.500000	,163.000000	,142.500000	,-74.500000	,-27.000000	,-111.500000	,37.000000	,-323.000000	,184.000000	,100.000000	,37.500000	,42.000000	,95.000000	,637.500000	,437.000000	,407.000000	,243.500000	,38.500000	,65.500000	,-315.000000	,23.500000	,-185.000000	,125.500000	,136.500000	,210.000000	,-205.500000	,-182.500000	,-256.500000	,-406.500000	,-361.000000	,4.000000	,292.000000	,261.000000	,32.500000	,-222.500000	,223.500000	,-0.500000	,58.000000	,-313.500000	,-71.500000	,146.500000	,129.500000	,-21.500000	,-70.500000	,163.000000	,141.500000	,50.000000	,-281.500000	,-62.000000	,15.000000	,183.500000	,181.500000	,17.500000	,104.500000	,79.500000	,10.000000	,-43.000000	,-8.000000	,48.500000	,136.500000	,-219.000000	,-126.500000	,-330.000000	,-54.500000	,-36.000000	,162.000000	,-46.000000	,-18.500000	,-45.000000	,-367.500000	,-96.500000	,-375.500000	,-277.500000	,-199.500000	,25.000000	,286.500000	,24.000000	,101.500000	,-65.500000	,33.500000	,-186.000000	,-64.000000	,63.000000	,108.500000	,
-89.500000	,-138.000000	,-253.500000	,-297.500000	,-206.000000	,43.000000	,-90.000000	,155.500000	,40.000000	,180.500000	,-154.000000	,-20.500000	,-325.000000	,-234.500000	,-116.000000	,-12.500000	,118.500000	,-200.500000	,-16.500000	,55.500000	,131.500000	,-82.000000	,-41.000000	,2.500000	,23.000000	,-0.500000	,-16.500000	,-329.000000	,82.000000	,-322.000000	,169.500000	,-5.000000	,11.500000	,412.000000	,477.000000	,413.000000	,269.000000	,47.500000	,104.500000	,175.000000	,491.500000	,555.500000	,324.500000	,247.000000	,-11.000000	,-63.500000	,-219.500000	,2.000000	,-145.500000	,93.000000	,-221.000000	,-18.500000	,89.500000	,60.000000	,86.000000	,82.000000	,128.500000	,94.500000	,-149.500000	,222.000000	,254.000000	,-67.000000	,241.500000	,-114.000000	,-82.000000	,-136.500000	,-61.000000	,152.000000	,239.500000	,289.000000	,138.000000	,240.000000	,129.000000	,64.500000	,-46.500000	,-447.000000	,-290.500000	,-125.500000	,278.000000	,374.000000	,319.000000	,267.500000	,38.000000	,367.500000	,237.500000	,42.000000	,-55.500000	,-37.000000	,-31.500000	,17.000000	,-159.000000	,86.000000	,-93.500000	,181.000000	,82.000000	,67.500000	,-24.000000	,-135.000000	,-366.000000	,-178.500000	,-378.000000	,-68.500000	,11.000000	,199.000000	,93.500000	,177.000000	,-60.500000	,-75.500000	,-220.500000	,-388.500000	,-165.000000	,-292.500000	,7.500000	,-310.500000	,38.500000	,-12.000000	,-39.000000	,-61.500000	,-111.500000	,-59.000000	,-181.500000	,24.000000	,-187.000000	,-37.000000	,-160.000000	,-71.500000	,-74.500000	,112.000000	,156.500000	,-22.000000	,-131.000000	,-258.500000	,-164.000000	,-146.000000	,-59.000000	,-18.500000	,34.500000	,73.500000	,117.000000	,36.000000	,-73.500000	,-87.000000	,-205.500000	,-219.000000	,27.000000	,317.500000	,263.500000	,104.500000	,-28.000000	,9.500000	,54.500000	,-150.000000	,-12.000000	,-94.500000	,-7.500000	,276.500000	,284.500000	,171.500000	,-303.000000	,-106.000000	,-138.500000	,223.000000	,192.500000	,403.500000	,301.000000	,15.500000	,-89.500000	,-135.000000	,239.000000	,43.000000	,88.500000	,-138.000000	,196.000000	,-334.500000	,-24.500000	,-384.500000	,202.000000	,7.500000	,130.000000	,-190.500000	,-110.000000	,-18.500000	,319.500000	,357.000000	,-68.500000	,-107.500000	,50.000000	,264.000000	,20.500000	,-83.000000	,-187.000000	,50.500000	,205.000000	,417.000000	,191.500000	,201.500000	,211.500000	,169.000000	,458.000000	,380.000000	,507.000000	,349.000000	,264.000000	,130.000000	,-42.000000	,-148.000000	,62.000000	,0.000000	,248.500000	,-20.000000	,202.500000	,-459.000000	,-129.500000	,-415.000000	,-79.500000	,-265.500000	,255.500000	,242.500000	,202.000000	,192.500000	,-453.500000	,109.500000	,210.500000	,437.000000	,70.500000	,42.000000	,316.000000	,430.000000	,571.000000	,332.000000	,-13.000000	,-308.000000	,-23.000000	,-102.500000	,316.000000	,149.000000	,65.000000	,2.500000	,-119.500000	,-86.000000	,
7.500000	,-167.000000	,-152.500000	,-345.000000	,30.500000	,-88.000000	,36.500000	,35.500000	,115.500000	,-38.000000	,151.500000	,18.000000	,-19.500000	,309.000000	,293.000000	,394.000000	,-253.500000	,-269.000000	,-484.500000	,-84.500000	,-146.500000	,43.500000	,388.000000	,161.500000	,225.000000	,-131.500000	,27.500000	,-98.500000	,-221.500000	,-302.500000	,19.000000	,-20.500000	,-143.000000	,-373.000000	,-246.000000	,-195.500000	,-4.000000	,218.500000	,338.000000	,79.000000	,-186.500000	,129.500000	,252.000000	,254.500000	,22.500000	,-52.500000	,48.000000	,146.000000	,-203.000000	,-276.500000	,-33.500000	,-29.000000	,66.500000	,206.000000	,298.000000	,-3.000000	,-265.000000	,-275.000000	,14.500000	,129.500000	,-122.500000	,-5.500000	,-308.000000	,-109.500000	,-274.000000	,-80.500000	,82.000000	,-12.500000	,81.500000	,181.000000	,206.000000	,194.500000	,46.000000	,-292.500000	,27.000000	,-322.000000	,-165.000000	,-294.000000	,-331.500000	,-182.500000	,-261.500000	,-297.000000	,-292.000000	,-399.500000	,-34.500000	,-267.000000	,113.000000	,167.500000	,176.500000	,87.500000	,246.000000	,165.500000	,243.000000	,-52.500000	,69.000000	,-91.000000	,8.000000	,-186.000000	,166.000000	,233.500000	,130.000000	,132.500000	,33.500000	,11.000000	,5.000000	,93.500000	,135.500000	,63.000000	,-247.500000	,283.500000	,106.500000	,437.000000	,158.000000	,475.500000	,443.000000	,335.000000	,157.500000	,97.500000	,28.500000	,-3.500000	,128.000000	,263.000000	,17.000000	,-84.000000	,-88.000000	,245.000000	,197.000000	,31.500000	,-28.500000	,-151.000000	,14.000000	,-256.000000	,-127.500000	,-94.500000	,-87.000000	,-63.000000	,-157.500000	,-267.000000	,-141.000000	,-115.500000	,97.000000	,152.000000	,11.000000	,46.000000	,-131.000000	,-137.000000	,-177.500000	,-147.000000	,167.000000	,197.000000	,240.500000	,-68.000000	,15.000000	,18.000000	,-194.500000	,-267.000000	,-296.500000	,-154.000000	,34.500000	,-14.000000	,-68.000000	,-153.500000	,-160.000000	,-258.000000	,-0.500000	,103.500000	,-34.000000	,15.000000	,-488.000000	,-205.500000	,-172.000000	,130.500000	,277.000000	,375.500000	,397.500000	,317.000000	,132.500000	,322.000000	,36.000000	,89.500000	,-277.000000	,129.000000	,141.500000	,92.000000	,196.500000	,74.000000	,198.000000	,24.500000	,5.000000	,-111.500000	,-29.500000	,-115.500000	,145.500000	,-57.000000	,-121.000000	,37.000000	,-99.500000	,33.000000	,-208.000000	,-360.500000	,-350.000000	,-241.000000	,-234.000000	,-111.000000	,-405.500000	,-140.000000	,-265.500000	,-256.500000	,-309.000000	,-372.000000	,-203.000000	,388.000000	,347.500000	,225.000000	,-225.000000	,33.000000	,40.500000	,-16.500000	,43.000000	,161.500000	,220.000000	,192.000000	,-48.000000	,-19.000000	,81.500000	,314.500000	,504.500000	,380.000000	,270.500000	,72.500000	,-12.500000	,-365.500000	,-77.500000	,-210.000000	,0.000000	,-222.000000	,-11.500000	,-11.500000	,111.500000	,-73.000000	,
-115.500000	,137.500000	,219.500000	,537.500000	,401.000000	,276.000000	,-11.000000	,-2.500000	,-113.000000	,-265.000000	,-121.500000	,98.500000	,150.500000	,-3.500000	,76.500000	,58.000000	,186.000000	,-60.000000	,79.000000	,-153.000000	,219.500000	,67.500000	,211.500000	,179.000000	,45.500000	,37.000000	,-270.000000	,-156.000000	,-301.500000	,23.500000	,96.000000	,275.000000	,75.000000	,-88.000000	,-400.500000	,-395.000000	,-501.500000	,21.500000	,-50.500000	,-87.500000	,-527.500000	,-382.000000	,-465.500000	,-42.500000	,-136.500000	,145.500000	,113.500000	,95.000000	,-86.500000	,-287.000000	,-437.000000	,-263.000000	,-390.000000	,-75.000000	,265.000000	,172.000000	,211.000000	,61.500000	,-240.000000	,-147.000000	,-401.000000	,89.500000	,137.000000	,35.500000	,-62.500000	,-196.000000	,-400.000000	,-173.500000	,-256.000000	,-264.000000	,-461.000000	,-71.500000	,-88.000000	,87.000000	,-172.500000	,116.000000	,94.500000	,32.500000	,-10.000000	,-20.500000	,-289.000000	,-256.000000	,-34.000000	,80.000000	,-152.500000	,-475.500000	,-252.500000	,45.000000	,69.500000	,44.000000	,-19.500000	,-213.000000	,33.500000	,-113.000000	,55.000000	,34.000000	,73.500000	,189.000000	,174.000000	,51.500000	,125.000000	,9.000000	,42.000000	,-188.000000	,-38.000000	,-117.500000	,-13.000000	,-83.500000	,228.000000	,164.500000	,287.500000	,-63.000000	,0.000000	,-136.500000	,-81.000000	,145.500000	,334.500000	,337.500000	,-33.000000	,-63.000000	,-194.500000	,-55.000000	,90.000000	,170.500000	,145.500000	,12.500000	,42.500000	,-124.500000	,-51.000000	,138.000000	,150.000000	,343.500000	,68.000000	,188.000000	,-68.000000	,-138.500000	,-233.500000	,80.500000	,-34.000000	,67.000000	,-88.500000	,-100.500000	,175.000000	,68.500000	,106.000000	,-323.500000	,-89.000000	,-174.500000	,81.500000	,299.500000	,355.000000	,418.500000	,59.000000	,-191.500000	,-392.000000	,-405.500000	,-210.000000	,46.000000	,83.500000	,-41.500000	,-272.500000	,-7.000000	,-163.000000	,57.000000	,-273.000000	,9.500000	,204.000000	,261.000000	,-73.500000	,-269.000000	,-154.000000	,-152.000000	,-46.000000	,80.000000	,-108.500000	,-68.000000	,-193.500000	,-474.000000	,-271.000000	,-119.000000	,163.500000	,-105.500000	,-31.000000	,-115.500000	,67.000000	,9.500000	,-191.000000	,-58.500000	,54.500000	,193.000000	,134.500000	,-224.000000	,-175.500000	,-135.500000	,307.000000	,-2.000000	,327.000000	,346.500000	,192.000000	,-273.000000	,-395.000000	,-198.000000	,-36.500000	,-226.500000	,-92.500000	,-169.000000	,26.000000	,-234.000000	,-114.500000	,-200.500000	,-138.000000	,-28.000000	,-105.500000	,-30.000000	,-202.500000	,-43.500000	,-127.000000	,-260.000000	,-390.500000	,-709.000000	,-43.500000	,101.000000	,285.000000	,-108.500000	,10.500000	,-115.500000	,-155.500000	,-171.000000	,-237.500000	,123.000000	,111.000000	,249.500000	,206.500000	,-80.500000	,-152.500000	,-327.000000	,-90.000000	,-199.500000	,10.000000	,-42.000000	,
33.500000	,56.000000	,118.000000	,84.500000	,-37.000000	,72.500000	,93.500000	,151.500000	,184.500000	,-41.500000	,44.000000	,171.500000	,-10.000000	,-385.500000	,-615.000000	,-449.000000	,-148.500000	,532.000000	,238.500000	,277.500000	,9.500000	,-19.500000	,-23.500000	,-296.500000	,-115.500000	,-116.500000	,294.500000	,118.000000	,275.500000	,120.000000	,-19.500000	,-34.000000	,179.000000	,157.500000	,-21.000000	,22.000000	,57.500000	,206.000000	,-25.000000	,318.000000	,215.500000	,214.000000	,-212.500000	,-149.000000	,-190.000000	,-159.500000	,-231.500000	,-500.500000	,-206.500000	,60.000000	,218.500000	,13.500000	,-216.000000	,-472.500000	,-303.000000	,-359.500000	,290.500000	,206.500000	,260.500000	,4.000000	,-375.500000	,-415.500000	,-387.500000	,-48.000000	,270.500000	,297.000000	,210.500000	,-13.000000	,-35.500000	,-7.500000	,-187.000000	,-23.000000	,-19.500000	,271.500000	,-139.000000	,-228.500000	,-174.000000	,-38.000000	,122.500000	,71.000000	,228.000000	,137.000000	,420.500000	,320.500000	,27.000000	,-249.000000	,-498.000000	,-30.000000	,0.000000	,-61.500000	,-108.500000	,37.000000	,23.500000	,118.500000	,-33.000000	,19.500000	,35.500000	,25.500000	,-36.000000	,-206.500000	,-202.500000	,-192.000000	,-93.000000	,155.000000	,102.500000	,122.000000	,-72.000000	,35.500000	,-3.500000	,-39.000000	,-47.500000	,67.500000	,-23.000000	,-203.000000	,-151.000000	,-272.500000	,-155.000000	,-223.000000	,64.500000	,119.500000	,124.000000	,-72.000000	,-103.000000	,-84.500000	,-50.000000	,-29.500000	,-91.500000	,-20.000000	,10.000000	,34.000000	,-46.000000	,44.000000	,-118.000000	,0.000000	,-222.000000	,-144.500000	,-90.000000	,-44.000000	,7.500000	,-246.500000	,-211.000000	,-35.500000	,126.500000	,22.500000	,-198.000000	,-67.500000	,-31.500000	,72.000000	,-52.500000	,-55.500000	,95.000000	,-49.000000	,110.000000	,-60.500000	,65.000000	,98.500000	,-219.500000	,-87.000000	,-299.000000	,-193.500000	,-28.500000	,-120.000000	,50.000000	,39.000000	,96.000000	,-225.500000	,-39.500000	,55.500000	,527.000000	,237.500000	,174.000000	,-140.000000	,-432.000000	,-447.500000	,-155.500000	,121.000000	,187.000000	,221.000000	,186.500000	,280.500000	,32.000000	,12.000000	,-216.500000	,-112.500000	,265.000000	,-120.500000	,-51.500000	,-381.000000	,8.000000	,-209.500000	,-22.500000	,-363.000000	,-442.500000	,-225.000000	,-96.500000	,-206.000000	,-234.000000	,-285.500000	,-149.500000	,333.500000	,239.000000	,283.000000	,175.500000	,356.500000	,620.500000	,549.000000	,193.000000	,-30.000000	,22.000000	,574.500000	,398.500000	,103.000000	,-11.000000	,240.000000	,220.000000	,-109.000000	,-292.000000	,-159.000000	,-187.500000	,-57.500000	,-176.000000	,-120.000000	,-245.500000	,-222.000000	,-37.000000	,-194.500000	,-279.000000	,-283.000000	,-192.500000	,-234.500000	,-189.000000	,-314.000000	,-152.000000	,14.500000	,-238.000000	,-69.500000	,-118.000000	,-64.000000	,-367.500000	,-380.500000	,
116.000000	,215.000000	,70.000000	,92.500000	,87.500000	,-27.000000	,-367.000000	,-85.000000	,-202.500000	,-265.500000	,-469.000000	,-457.500000	,-59.000000	,107.000000	,272.500000	,4.500000	,-73.000000	,-29.000000	,-169.000000	,-93.000000	,-111.000000	,213.500000	,100.500000	,277.000000	,87.500000	,293.500000	,275.000000	,443.000000	,506.000000	,313.000000	,-223.000000	,-361.000000	,-287.500000	,55.000000	,317.500000	,394.500000	,600.000000	,136.000000	,-89.000000	,-416.500000	,-114.500000	,134.000000	,71.500000	,-108.000000	,-268.500000	,-63.000000	,-126.500000	,69.500000	,60.500000	,485.000000	,384.500000	,383.500000	,65.000000	,89.000000	,-146.500000	,-197.000000	,-382.000000	,-138.500000	,72.500000	,161.000000	,350.500000	,-145.000000	,-92.500000	,-317.000000	,-23.500000	,55.500000	,118.000000	,-58.000000	,-43.000000	,121.000000	,357.000000	,20.000000	,84.000000	,-65.000000	,421.000000	,141.500000	,309.000000	,141.000000	,71.000000	,22.000000	,16.500000	,172.500000	,516.500000	,826.500000	,1009.500000	,738.000000	,151.500000	,-82.000000	,2.000000	,-20.000000	,-96.500000	,-192.500000	,-136.000000	,-179.000000	,-99.000000	,-138.000000	,-71.500000	,-169.500000	,87.500000	,-103.500000	,242.000000	,101.000000	,205.000000	,102.500000	,25.500000	,-36.000000	,60.500000	,109.500000	,127.500000	,-66.500000	,-111.000000	,-94.500000	,-102.000000	,0.000000	,-58.500000	,-166.500000	,-154.500000	,-258.000000	,-154.000000	,-37.500000	,123.500000	,39.000000	,-172.000000	,-142.500000	,-211.500000	,-231.000000	,-315.000000	,-138.500000	,-153.500000	,35.500000	,-75.500000	,-26.000000	,-17.500000	,4.000000	,133.500000	,145.000000	,306.500000	,204.000000	,295.000000	,-1.500000	,54.000000	,-251.000000	,-129.500000	,-49.000000	,-108.500000	,57.500000	,32.500000	,11.500000	,43.500000	,82.000000	,82.000000	,-30.500000	,-60.000000	,76.500000	,369.000000	,271.000000	,45.000000	,-166.000000	,176.500000	,248.000000	,603.500000	,214.500000	,3.000000	,-64.000000	,-71.000000	,58.000000	,-6.500000	,15.500000	,259.000000	,37.000000	,109.000000	,148.500000	,284.500000	,87.500000	,170.000000	,-171.000000	,-240.500000	,244.500000	,-60.000000	,-25.500000	,29.500000	,119.000000	,221.000000	,85.500000	,25.000000	,110.000000	,3.000000	,150.000000	,-0.500000	,197.000000	,-110.000000	,-1.000000	,160.000000	,-235.000000	,12.000000	,-164.500000	,-34.500000	,-286.000000	,87.000000	,223.000000	,246.000000	,-63.500000	,157.500000	,132.500000	,179.500000	,12.000000	,-346.000000	,32.500000	,-273.000000	,105.500000	,-82.500000	,-107.500000	,-236.000000	,-168.500000	,20.500000	,268.500000	,575.500000	,228.000000	,524.500000	,540.500000	,268.500000	,8.000000	,-409.000000	,-87.500000	,-72.500000	,77.000000	,168.500000	,82.500000	,-18.000000	,-497.500000	,-3.000000	,129.000000	,256.000000	,177.500000	,130.500000	,44.500000	,-18.000000	,-307.000000	,-162.500000	,-164.000000	,
-14.000000	,50.000000	,30.500000	,-100.500000	,-133.500000	,-177.000000	,105.500000	,564.500000	,407.500000	,114.000000	,-106.000000	,-7.500000	,-25.500000	,149.500000	,258.500000	,369.500000	,548.000000	,7.500000	,-238.500000	,-309.000000	,-85.500000	,-169.000000	,-138.000000	,59.500000	,255.000000	,46.000000	,-119.500000	,177.000000	,135.000000	,27.500000	,-14.500000	,-46.500000	,19.000000	,80.500000	,117.500000	,-29.500000	,10.000000	,-387.000000	,-68.000000	,-47.500000	,52.000000	,-199.500000	,-7.500000	,-60.000000	,315.500000	,118.000000	,288.500000	,274.000000	,196.000000	,-124.000000	,-146.000000	,54.500000	,188.000000	,-93.500000	,45.500000	,15.500000	,-96.000000	,65.000000	,225.500000	,273.000000	,282.500000	,259.000000	,207.500000	,278.000000	,286.500000	,-242.000000	,4.000000	,-8.500000	,8.000000	,-121.500000	,-132.000000	,-224.500000	,-112.000000	,-273.500000	,22.000000	,200.000000	,-184.000000	,-251.500000	,-297.000000	,299.500000	,385.500000	,507.000000	,420.500000	,766.000000	,832.500000	,336.500000	,11.500000	,-366.000000	,-37.500000	,20.500000	,7.000000	,274.000000	,167.500000	,175.000000	,-105.500000	,-40.500000	,-135.000000	,236.500000	,200.500000	,193.500000	,-118.000000	,-137.500000	,-252.000000	,-87.500000	,-139.000000	,-17.000000	,-42.000000	,0.000000	,73.000000	,59.000000	,-2.000000	,-237.500000	,-127.000000	,105.500000	,194.000000	,215.000000	,147.500000	,173.000000	,73.500000	,-112.500000	,-171.000000	,1.000000	,66.500000	,271.000000	,238.500000	,-40.000000	,26.500000	,2.500000	,42.000000	,55.000000	,-147.000000	,-158.000000	,-488.500000	,-160.500000	,-320.000000	,-48.000000	,-49.500000	,35.000000	,-177.000000	,107.500000	,88.000000	,197.500000	,-37.500000	,-40.500000	,118.000000	,-46.500000	,225.500000	,-89.000000	,-104.500000	,-177.000000	,-111.000000	,-77.500000	,-124.000000	,-595.000000	,-630.500000	,-506.500000	,-125.500000	,73.000000	,-163.500000	,-77.500000	,-170.000000	,65.000000	,297.000000	,149.500000	,-36.500000	,-33.000000	,-172.500000	,-32.500000	,-251.000000	,-142.000000	,-139.000000	,-112.500000	,-330.500000	,-173.000000	,-73.500000	,-141.500000	,-58.500000	,-146.500000	,-31.500000	,174.500000	,74.000000	,103.500000	,-167.500000	,-169.000000	,-594.000000	,32.500000	,67.500000	,322.500000	,-117.000000	,-412.500000	,-308.500000	,-31.000000	,148.000000	,-115.000000	,-131.500000	,-193.000000	,-121.000000	,-203.500000	,-108.000000	,-152.000000	,-306.000000	,-365.500000	,-459.500000	,39.500000	,-78.500000	,-51.500000	,-13.500000	,54.000000	,203.500000	,4.000000	,52.500000	,48.500000	,-15.500000	,-55.000000	,-372.500000	,75.000000	,137.000000	,416.000000	,214.500000	,246.000000	,279.500000	,251.500000	,366.000000	,137.000000	,-31.500000	,-60.500000	,-5.000000	,-196.000000	,-27.000000	,-193.000000	,172.000000	,283.000000	,280.500000	,-32.000000	,107.000000	,567.500000	,516.500000	,489.500000	,354.500000	,380.500000	,
-88.000000	,-150.000000	,-315.000000	,-356.500000	,-224.500000	,-114.000000	,485.000000	,321.000000	,669.500000	,86.000000	,348.500000	,447.500000	,253.000000	,157.000000	,-298.000000	,-337.000000	,-115.500000	,31.500000	,300.000000	,480.500000	,250.500000	,229.000000	,-404.000000	,-354.000000	,-485.000000	,-232.500000	,-417.500000	,-221.000000	,-398.500000	,-36.500000	,35.000000	,255.000000	,330.500000	,44.500000	,185.500000	,-140.500000	,-109.500000	,-156.500000	,58.500000	,332.000000	,52.500000	,154.500000	,-124.500000	,210.500000	,422.000000	,339.500000	,405.000000	,-31.000000	,287.500000	,-93.500000	,290.000000	,5.000000	,283.500000	,20.000000	,152.000000	,7.000000	,149.000000	,105.000000	,-259.000000	,-269.500000	,-275.500000	,-239.000000	,-196.000000	,89.000000	,-267.500000	,-76.500000	,157.000000	,211.500000	,236.000000	,-62.500000	,50.000000	,57.000000	,153.500000	,8.000000	,283.500000	,430.000000	,934.000000	,692.500000	,917.500000	,940.000000	,1252.500000	,1271.500000	,924.000000	,125.500000	,-417.500000	,-317.000000	,-33.000000	,-105.500000	,-158.500000	,-29.500000	,270.000000	,247.500000	,214.500000	,-184.000000	,190.000000	,31.000000	,165.500000	,-18.500000	,-53.000000	,67.500000	,-73.000000	,-44.500000	,-339.000000	,-87.000000	,-280.500000	,-72.000000	,-168.000000	,-86.500000	,11.000000	,-74.000000	,-199.000000	,-179.500000	,-226.500000	,-7.500000	,40.000000	,-84.500000	,-290.000000	,-146.500000	,-163.000000	,27.500000	,-89.500000	,-8.500000	,-128.500000	,-2.500000	,-317.500000	,68.000000	,155.000000	,314.000000	,48.000000	,-102.500000	,48.000000	,74.000000	,412.000000	,116.000000	,209.000000	,98.500000	,-19.500000	,15.000000	,-230.500000	,-120.000000	,-72.500000	,-104.000000	,155.000000	,-5.500000	,-76.000000	,89.500000	,4.500000	,126.000000	,-115.500000	,-102.500000	,-89.000000	,-37.500000	,-572.500000	,-788.500000	,-1288.000000	,-896.500000	,-962.000000	,-690.500000	,-833.500000	,-633.000000	,-278.000000	,-47.000000	,28.000000	,76.000000	,-102.000000	,-34.500000	,-316.500000	,-85.000000	,-308.000000	,-101.000000	,-393.500000	,-272.500000	,-739.000000	,-305.500000	,-138.000000	,72.500000	,-97.000000	,-21.000000	,-174.500000	,146.500000	,145.000000	,214.500000	,307.000000	,148.500000	,459.000000	,16.500000	,227.000000	,-145.000000	,-115.500000	,-188.000000	,49.500000	,-189.500000	,-135.000000	,-181.500000	,42.500000	,138.500000	,389.500000	,-14.500000	,-84.000000	,-456.000000	,-468.500000	,-196.000000	,-108.500000	,-32.000000	,24.000000	,-84.000000	,81.000000	,-174.500000	,-175.000000	,-246.000000	,-131.000000	,-68.500000	,-54.500000	,-206.000000	,-483.000000	,-660.000000	,-608.500000	,-328.000000	,-249.500000	,-272.500000	,-220.500000	,-414.500000	,-35.500000	,-156.000000	,-50.000000	,-31.000000	,-19.500000	,-123.500000	,-6.000000	,318.000000	,274.000000	,264.000000	,-226.500000	,-21.000000	,-451.500000	,-225.000000	,-166.500000	,-106.500000	,-49.000000	,-62.000000	,
-101.500000	,-216.000000	,-165.500000	,0.500000	,45.500000	,208.000000	,120.000000	,83.500000	,476.000000	,407.000000	,671.500000	,418.500000	,292.500000	,130.500000	,-413.000000	,-254.500000	,-250.500000	,-322.500000	,-118.500000	,-179.500000	,-18.000000	,139.000000	,205.500000	,-21.000000	,-36.000000	,-128.500000	,2.500000	,-123.000000	,3.000000	,100.000000	,6.000000	,213.500000	,18.500000	,125.000000	,-147.500000	,383.000000	,218.500000	,259.500000	,-212.000000	,-425.000000	,-439.500000	,-47.500000	,196.000000	,122.500000	,30.000000	,196.500000	,-287.500000	,0.000000	,-29.000000	,-4.500000	,-135.000000	,-132.500000	,-103.000000	,75.500000	,132.500000	,277.500000	,361.500000	,-219.000000	,-117.000000	,-391.000000	,-24.000000	,-264.000000	,-110.000000	,-170.000000	,-313.000000	,-482.000000	,-312.000000	,-235.500000	,124.000000	,464.500000	,394.500000	,664.500000	,567.500000	,1006.500000	,761.500000	,901.500000	,1137.000000	,1359.000000	,735.500000	,369.500000	,-49.500000	,-232.000000	,-142.000000	,-295.000000	,20.500000	,47.000000	,251.500000	,186.000000	,-30.500000	,-87.000000	,-33.000000	,-3.500000	,-47.000000	,158.000000	,181.000000	,83.500000	,-80.000000	,-131.000000	,-62.500000	,73.500000	,355.500000	,270.500000	,384.000000	,64.500000	,211.500000	,114.500000	,68.000000	,126.500000	,120.000000	,-6.000000	,99.000000	,174.000000	,263.000000	,134.000000	,-148.000000	,-57.500000	,-101.500000	,-140.500000	,3.500000	,-140.000000	,115.000000	,1.000000	,374.000000	,189.500000	,21.000000	,-199.000000	,-146.000000	,-254.000000	,-392.000000	,-241.000000	,-93.000000	,318.500000	,321.500000	,267.500000	,10.500000	,109.500000	,-250.500000	,-144.000000	,-142.000000	,-53.500000	,-64.000000	,-95.500000	,8.000000	,-29.500000	,-60.500000	,-132.500000	,-95.000000	,-42.500000	,104.500000	,105.000000	,36.500000	,-388.000000	,-348.000000	,-316.500000	,-270.500000	,-704.500000	,-981.500000	,-1311.500000	,-1301.000000	,-768.500000	,-828.500000	,-424.000000	,-925.500000	,-637.000000	,-443.000000	,-101.000000	,21.500000	,-37.500000	,-152.000000	,19.500000	,-21.500000	,353.000000	,690.000000	,573.000000	,361.000000	,267.000000	,47.500000	,463.500000	,135.000000	,26.000000	,-41.500000	,-137.500000	,-100.000000	,66.500000	,14.500000	,52.500000	,-299.000000	,-372.500000	,184.500000	,528.000000	,317.500000	,374.500000	,141.500000	,524.500000	,152.000000	,288.500000	,72.000000	,273.500000	,160.000000	,-47.500000	,-51.500000	,142.000000	,286.000000	,295.000000	,-126.500000	,-143.500000	,192.000000	,-13.500000	,174.000000	,-96.000000	,-107.500000	,-114.000000	,-92.000000	,112.000000	,139.000000	,125.500000	,42.500000	,102.500000	,-247.500000	,-143.500000	,-190.000000	,-13.500000	,-4.500000	,91.000000	,-161.000000	,-167.500000	,-622.000000	,-361.500000	,-548.500000	,-173.000000	,142.500000	,169.000000	,206.500000	,207.000000	,39.000000	,-150.000000	,-105.500000	,-57.000000	,179.500000	,83.000000	,
-78.000000	,32.500000	,341.000000	,366.500000	,295.000000	,82.500000	,24.000000	,-65.500000	,-75.500000	,-121.000000	,-253.500000	,-2.000000	,-205.500000	,-17.500000	,-110.000000	,-10.500000	,69.000000	,-183.500000	,-95.500000	,-66.500000	,-61.500000	,-105.500000	,163.000000	,129.500000	,22.000000	,337.000000	,494.500000	,109.500000	,244.500000	,-194.000000	,4.500000	,-287.000000	,-57.500000	,-255.000000	,-426.500000	,-379.000000	,-363.000000	,-14.000000	,103.000000	,200.000000	,119.500000	,178.500000	,-2.500000	,-168.000000	,-77.000000	,-453.000000	,-291.000000	,-368.000000	,-192.000000	,-303.000000	,-70.000000	,556.500000	,467.000000	,363.500000	,94.500000	,22.000000	,378.000000	,100.000000	,86.500000	,-370.500000	,-69.500000	,76.000000	,375.000000	,103.000000	,130.000000	,-107.500000	,-32.000000	,-24.500000	,160.000000	,389.000000	,433.500000	,717.000000	,727.500000	,1047.000000	,586.000000	,477.000000	,4.000000	,-107.500000	,185.000000	,147.000000	,308.000000	,102.000000	,76.500000	,82.000000	,212.000000	,53.500000	,-318.000000	,-107.500000	,-196.500000	,-69.500000	,-189.000000	,-16.000000	,-179.500000	,-12.500000	,-43.000000	,-14.500000	,2.000000	,-167.500000	,-197.500000	,-223.500000	,-334.500000	,-8.000000	,-92.000000	,-39.500000	,-239.000000	,-65.000000	,-18.500000	,-32.000000	,2.500000	,186.000000	,126.000000	,230.000000	,-99.000000	,-101.500000	,26.000000	,121.000000	,527.500000	,178.500000	,302.500000	,9.500000	,-3.500000	,10.000000	,-55.500000	,-211.500000	,235.000000	,117.000000	,208.500000	,-165.500000	,-0.500000	,-54.500000	,122.000000	,-58.500000	,0.500000	,0.500000	,99.500000	,72.000000	,296.000000	,258.000000	,205.500000	,-133.000000	,-137.000000	,-189.500000	,-189.000000	,-91.000000	,261.500000	,155.000000	,251.000000	,-73.000000	,-29.500000	,-251.500000	,-304.000000	,-372.000000	,-65.500000	,9.500000	,377.500000	,108.000000	,582.000000	,324.500000	,198.500000	,-270.000000	,-1037.000000	,-1358.000000	,-1362.500000	,-609.000000	,-664.000000	,-642.500000	,-623.000000	,-380.500000	,177.000000	,316.000000	,438.000000	,346.500000	,285.000000	,59.500000	,-55.000000	,-50.500000	,61.000000	,165.000000	,206.500000	,-29.500000	,-12.500000	,-604.000000	,-296.500000	,-517.000000	,-141.500000	,-386.000000	,-366.500000	,-192.000000	,117.000000	,117.000000	,-39.500000	,-195.500000	,-265.000000	,-67.500000	,-241.000000	,-16.500000	,212.500000	,308.000000	,359.500000	,506.500000	,833.000000	,542.500000	,271.500000	,3.000000	,-27.000000	,255.500000	,-21.500000	,302.000000	,82.500000	,261.000000	,-292.500000	,-224.000000	,-43.500000	,433.000000	,430.500000	,524.500000	,-16.000000	,-0.500000	,-22.000000	,121.500000	,137.500000	,431.000000	,343.500000	,494.500000	,413.500000	,80.000000	,193.000000	,62.500000	,266.000000	,69.000000	,-92.000000	,9.000000	,63.500000	,310.000000	,421.000000	,375.000000	,202.000000	,144.500000	,-33.500000	,-42.000000	,
-105.000000	,-37.000000	,-129.500000	,-150.500000	,-156.000000	,-100.500000	,-234.000000	,-375.000000	,-575.500000	,-673.500000	,-343.500000	,-292.000000	,37.000000	,209.500000	,493.500000	,253.000000	,176.500000	,21.000000	,100.500000	,41.500000	,-498.000000	,-283.500000	,-367.000000	,-88.500000	,-263.000000	,169.500000	,123.000000	,65.000000	,131.000000	,330.000000	,657.000000	,432.000000	,291.500000	,97.000000	,45.500000	,-151.500000	,-153.500000	,-407.000000	,-31.000000	,169.000000	,-25.000000	,-110.500000	,-412.000000	,-80.500000	,-194.500000	,33.500000	,99.500000	,278.500000	,187.500000	,149.000000	,22.500000	,-14.000000	,-16.000000	,166.000000	,305.000000	,-39.500000	,-203.000000	,-202.500000	,-435.500000	,-56.000000	,-9.500000	,432.000000	,375.000000	,466.500000	,699.000000	,1011.000000	,831.000000	,894.000000	,958.500000	,1042.000000	,961.500000	,487.500000	,507.000000	,-120.500000	,278.500000	,-19.500000	,52.500000	,200.000000	,282.000000	,78.000000	,63.000000	,226.500000	,390.000000	,264.000000	,-98.000000	,99.500000	,-55.500000	,-69.500000	,-339.000000	,-156.000000	,-107.000000	,28.000000	,-106.000000	,-92.000000	,-155.000000	,-59.000000	,-135.500000	,-186.500000	,-125.000000	,14.500000	,-219.500000	,-180.000000	,-276.000000	,-159.000000	,115.000000	,87.000000	,195.000000	,-8.500000	,-69.000000	,-54.000000	,53.500000	,122.500000	,151.000000	,-189.000000	,-52.500000	,-136.000000	,162.500000	,385.500000	,220.000000	,128.500000	,79.500000	,-30.000000	,30.000000	,224.500000	,236.500000	,224.500000	,-12.500000	,292.000000	,264.500000	,276.500000	,-130.000000	,-102.500000	,-148.500000	,-162.000000	,-129.500000	,7.500000	,-60.500000	,61.000000	,156.000000	,513.000000	,629.500000	,441.000000	,207.500000	,-0.500000	,104.500000	,86.000000	,-24.500000	,151.500000	,-34.500000	,-80.500000	,-13.500000	,-418.500000	,-606.500000	,-602.000000	,-340.000000	,98.000000	,66.500000	,-188.500000	,-68.500000	,-170.000000	,48.000000	,-560.000000	,-261.500000	,-603.000000	,-581.000000	,-809.500000	,-757.000000	,-441.500000	,-451.500000	,-607.000000	,-310.500000	,-303.500000	,149.500000	,167.500000	,324.500000	,201.000000	,26.000000	,-15.500000	,126.500000	,45.500000	,24.500000	,-44.500000	,-13.500000	,76.000000	,-133.000000	,-1.500000	,107.500000	,3.500000	,-128.500000	,-35.000000	,249.500000	,376.500000	,136.000000	,268.000000	,-24.000000	,-227.000000	,-462.000000	,-371.000000	,-277.500000	,-63.000000	,-137.500000	,111.000000	,-220.000000	,-221.500000	,-176.000000	,-241.000000	,26.000000	,-173.500000	,-91.000000	,-265.000000	,-262.000000	,215.500000	,142.000000	,-19.000000	,217.500000	,321.000000	,-63.000000	,-302.000000	,-181.500000	,-235.500000	,160.500000	,-74.000000	,-110.500000	,-27.000000	,-45.500000	,284.000000	,148.500000	,170.000000	,286.000000	,9.500000	,38.000000	,-143.000000	,-44.000000	,-65.000000	,-31.000000	,-86.000000	,-133.000000	,-95.000000	,-140.000000	,-190.000000	,
-127.000000	,99.500000	,-44.500000	,-80.500000	,-295.500000	,-220.500000	,-90.000000	,-191.500000	,116.500000	,167.000000	,154.000000	,-106.000000	,94.000000	,253.500000	,314.000000	,67.000000	,2.500000	,5.000000	,436.500000	,369.000000	,226.500000	,237.000000	,160.500000	,285.500000	,489.500000	,67.500000	,-101.000000	,-330.500000	,-129.000000	,-200.000000	,-43.500000	,-304.000000	,174.500000	,79.500000	,-13.500000	,-138.000000	,-155.500000	,-267.500000	,115.000000	,50.500000	,-18.500000	,34.000000	,150.500000	,199.000000	,-112.000000	,218.000000	,39.000000	,101.500000	,9.000000	,456.000000	,232.000000	,80.500000	,-555.500000	,-345.000000	,-266.000000	,-370.000000	,-336.000000	,-6.000000	,257.500000	,473.500000	,736.500000	,789.500000	,768.500000	,707.000000	,866.500000	,1084.500000	,948.500000	,529.500000	,-132.500000	,-666.000000	,-428.500000	,-203.000000	,-33.500000	,-69.000000	,-29.000000	,-44.000000	,-47.000000	,-313.500000	,-202.500000	,-307.000000	,-293.500000	,-411.500000	,-276.500000	,-136.500000	,212.000000	,158.000000	,305.000000	,91.000000	,400.000000	,65.000000	,141.500000	,-158.500000	,-60.500000	,94.000000	,-17.500000	,5.000000	,-38.500000	,72.000000	,-108.500000	,125.000000	,172.500000	,51.000000	,254.000000	,153.000000	,232.500000	,42.000000	,-292.500000	,-331.500000	,-367.500000	,-391.500000	,-199.000000	,-89.500000	,-22.000000	,-161.000000	,104.500000	,-104.000000	,-49.500000	,-169.500000	,-118.500000	,32.500000	,62.500000	,81.000000	,-124.000000	,-4.000000	,-61.500000	,-133.500000	,-50.500000	,-46.000000	,85.500000	,175.000000	,-143.000000	,-59.500000	,-197.500000	,-83.500000	,31.000000	,-23.000000	,-107.000000	,-78.000000	,-144.000000	,-26.000000	,-48.500000	,48.500000	,74.500000	,280.000000	,109.500000	,172.500000	,14.500000	,125.000000	,-50.500000	,183.500000	,-128.000000	,-11.000000	,115.000000	,210.500000	,85.500000	,85.500000	,10.000000	,100.000000	,202.500000	,437.500000	,327.000000	,238.500000	,-50.000000	,-151.000000	,-71.000000	,-69.000000	,-94.000000	,-762.500000	,-981.500000	,-1243.500000	,-898.500000	,-667.500000	,-518.000000	,-733.500000	,-481.000000	,-312.000000	,82.000000	,-113.500000	,-177.500000	,-122.000000	,31.000000	,317.000000	,338.500000	,320.500000	,-41.500000	,197.500000	,42.000000	,407.000000	,-144.000000	,125.500000	,-210.000000	,-204.000000	,-10.000000	,77.500000	,259.500000	,206.000000	,-105.000000	,50.500000	,38.000000	,41.500000	,-127.000000	,-384.000000	,-198.500000	,-84.500000	,-18.500000	,-74.000000	,58.000000	,223.000000	,-23.500000	,-147.500000	,87.000000	,-8.000000	,218.500000	,-231.000000	,-247.500000	,-292.500000	,308.500000	,585.500000	,436.500000	,379.500000	,-90.500000	,84.500000	,-299.000000	,-25.500000	,-104.000000	,47.500000	,-58.000000	,277.000000	,-48.000000	,194.000000	,-347.500000	,-224.500000	,-211.000000	,-162.000000	,-292.500000	,-154.500000	,-507.000000	,-99.500000	,-395.000000	,-94.500000	,
-110.500000	,7.500000	,-5.000000	,-266.000000	,0.500000	,-297.500000	,156.000000	,42.500000	,687.500000	,329.000000	,251.500000	,84.000000	,-192.000000	,-282.000000	,-151.500000	,-105.000000	,0.000000	,-195.500000	,-381.500000	,-233.000000	,58.000000	,36.500000	,469.500000	,365.000000	,391.500000	,-53.000000	,-195.500000	,223.500000	,-70.500000	,65.000000	,-364.500000	,-248.000000	,120.000000	,-31.500000	,324.500000	,-55.000000	,57.500000	,131.500000	,28.000000	,65.500000	,215.500000	,412.000000	,506.500000	,242.000000	,-40.000000	,45.000000	,-365.000000	,-259.000000	,-300.500000	,-134.000000	,-72.500000	,-247.500000	,-252.000000	,-49.000000	,-136.000000	,225.000000	,274.500000	,823.500000	,769.000000	,842.000000	,917.500000	,907.000000	,768.500000	,579.500000	,25.000000	,13.000000	,-80.000000	,288.000000	,2.500000	,77.000000	,-104.500000	,105.000000	,-76.500000	,-211.000000	,-172.500000	,-348.500000	,-349.500000	,-302.000000	,-83.500000	,92.500000	,138.000000	,-162.500000	,-553.000000	,-553.500000	,-390.500000	,-224.000000	,-340.000000	,-304.500000	,-190.500000	,-122.500000	,1.000000	,-192.500000	,248.500000	,166.500000	,238.500000	,88.500000	,324.500000	,277.000000	,259.000000	,101.000000	,40.000000	,44.000000	,90.000000	,84.500000	,-8.000000	,-249.000000	,-384.000000	,-266.500000	,-264.500000	,-20.000000	,-148.000000	,-162.000000	,42.500000	,48.500000	,207.500000	,-49.500000	,-156.000000	,-246.000000	,6.500000	,-103.000000	,-184.000000	,-184.500000	,-169.000000	,-66.000000	,31.500000	,-68.500000	,-147.500000	,-246.500000	,-127.000000	,68.000000	,215.000000	,111.000000	,19.500000	,82.000000	,62.500000	,7.000000	,94.500000	,16.500000	,21.000000	,-182.000000	,-212.000000	,-123.500000	,-48.000000	,0.000000	,75.000000	,31.500000	,-1.500000	,-195.000000	,-23.500000	,-3.000000	,-672.000000	,-537.000000	,-478.000000	,340.500000	,525.500000	,375.500000	,-137.000000	,185.000000	,-195.000000	,-21.000000	,-308.500000	,17.500000	,-179.000000	,-187.000000	,-255.000000	,118.500000	,-67.500000	,126.000000	,-50.000000	,75.000000	,-122.500000	,-903.000000	,-1060.000000	,-1304.500000	,-1114.500000	,-1025.000000	,-761.000000	,-774.500000	,-705.500000	,-310.500000	,-202.500000	,-75.000000	,-41.500000	,-204.000000	,78.000000	,-3.000000	,75.500000	,-32.000000	,33.500000	,-248.000000	,-132.500000	,-284.500000	,-109.500000	,-111.000000	,-36.000000	,9.500000	,234.000000	,-183.000000	,-36.000000	,133.000000	,131.000000	,30.000000	,18.500000	,78.000000	,317.500000	,59.000000	,205.500000	,102.000000	,76.000000	,-37.500000	,-6.500000	,-130.000000	,-124.500000	,-180.500000	,-315.000000	,-134.000000	,-234.000000	,-33.000000	,-78.500000	,-196.000000	,-174.000000	,-233.000000	,43.500000	,207.000000	,229.500000	,116.000000	,255.500000	,286.500000	,204.000000	,256.000000	,291.000000	,334.500000	,-2.000000	,32.500000	,-234.500000	,17.000000	,-145.000000	,-107.000000	,-202.000000	,-155.000000	,
15.500000	,33.000000	,11.000000	,103.500000	,192.000000	,-55.500000	,-49.000000	,-401.000000	,-374.500000	,-557.500000	,-124.500000	,135.000000	,449.500000	,272.500000	,390.500000	,478.500000	,317.000000	,367.000000	,127.000000	,-100.500000	,144.500000	,116.500000	,222.000000	,0.500000	,-166.500000	,183.500000	,215.500000	,158.000000	,152.000000	,-37.500000	,271.500000	,136.000000	,-365.000000	,-17.500000	,-220.000000	,149.500000	,195.000000	,237.500000	,161.500000	,46.000000	,350.000000	,1.000000	,-154.500000	,-369.500000	,-6.000000	,-13.000000	,118.000000	,-3.500000	,-189.500000	,-244.500000	,-532.500000	,-279.000000	,225.500000	,270.500000	,637.500000	,396.500000	,1086.000000	,552.500000	,1097.000000	,564.500000	,381.000000	,-35.500000	,-46.500000	,86.000000	,44.500000	,55.500000	,14.500000	,246.500000	,560.500000	,611.500000	,592.500000	,72.500000	,-4.000000	,12.000000	,52.000000	,-212.500000	,-123.500000	,-172.500000	,-19.500000	,14.000000	,357.500000	,451.500000	,416.000000	,324.000000	,300.500000	,265.500000	,61.500000	,-44.000000	,-641.000000	,-480.500000	,-217.500000	,240.000000	,37.500000	,-13.500000	,-259.500000	,-285.000000	,-150.000000	,-186.500000	,119.500000	,129.000000	,84.000000	,4.500000	,-135.500000	,-97.500000	,29.500000	,15.500000	,373.500000	,237.000000	,460.500000	,452.500000	,382.500000	,332.500000	,159.500000	,322.000000	,77.000000	,159.500000	,-12.000000	,171.500000	,168.500000	,152.000000	,2.500000	,74.000000	,-7.000000	,-207.500000	,-82.500000	,-169.500000	,-38.500000	,-67.000000	,-46.000000	,-108.000000	,113.000000	,75.000000	,176.000000	,-3.000000	,6.500000	,95.500000	,-23.000000	,82.000000	,-267.000000	,-139.500000	,-24.500000	,-128.000000	,-44.000000	,-84.000000	,-30.000000	,-43.500000	,-63.000000	,-186.000000	,-89.000000	,-585.000000	,-383.000000	,-248.000000	,-140.000000	,-83.000000	,-25.500000	,-165.000000	,-124.000000	,-358.000000	,-11.000000	,-296.000000	,-82.500000	,-155.500000	,149.000000	,355.500000	,232.000000	,264.000000	,-203.000000	,-125.000000	,-171.000000	,-229.500000	,-213.000000	,-273.500000	,34.000000	,-73.000000	,-228.000000	,-739.500000	,-1293.500000	,-1179.000000	,-845.000000	,-821.000000	,-844.500000	,-901.500000	,-696.500000	,-16.500000	,248.500000	,262.500000	,226.000000	,-279.500000	,-220.500000	,-428.500000	,12.000000	,230.000000	,333.500000	,-96.500000	,-129.000000	,-94.500000	,62.500000	,98.500000	,-195.500000	,38.500000	,-80.000000	,331.500000	,-13.000000	,136.000000	,-38.500000	,-23.500000	,39.000000	,44.000000	,141.000000	,-175.500000	,49.000000	,-173.500000	,-316.000000	,-50.500000	,-91.500000	,309.000000	,70.000000	,-324.000000	,-67.000000	,-194.000000	,213.000000	,129.500000	,98.000000	,-308.000000	,-456.000000	,-418.000000	,-126.000000	,-184.500000	,-4.000000	,-115.000000	,60.000000	,41.000000	,-18.000000	,-4.000000	,3.500000	,-55.500000	,44.500000	,-60.000000	,139.000000	,-79.000000	,
-386.000000	,-443.500000	,-250.500000	,-82.500000	,97.500000	,209.500000	,133.000000	,322.000000	,339.500000	,158.000000	,-155.000000	,-206.000000	,-197.500000	,-323.500000	,-294.500000	,-177.500000	,-151.500000	,2.000000	,10.000000	,52.500000	,-229.500000	,-523.000000	,-106.500000	,-552.500000	,-283.000000	,-515.500000	,-5.500000	,-288.000000	,41.500000	,-117.000000	,-61.000000	,9.500000	,68.500000	,152.000000	,114.000000	,304.000000	,255.500000	,292.500000	,29.000000	,211.500000	,-476.500000	,-341.500000	,-334.500000	,96.500000	,229.000000	,192.000000	,422.000000	,89.500000	,296.500000	,418.000000	,639.000000	,633.500000	,937.000000	,942.500000	,715.500000	,966.500000	,348.500000	,499.000000	,16.500000	,286.500000	,-311.000000	,-157.500000	,-91.500000	,468.500000	,135.000000	,90.500000	,281.000000	,198.000000	,89.500000	,42.000000	,103.000000	,118.000000	,219.500000	,-157.500000	,249.500000	,343.500000	,506.000000	,469.000000	,253.000000	,228.500000	,-2.500000	,-24.500000	,97.000000	,195.000000	,-48.500000	,-265.500000	,-240.500000	,-497.000000	,-773.000000	,-1257.000000	,-924.000000	,-363.000000	,-163.500000	,-210.000000	,-372.000000	,-35.500000	,-20.500000	,97.000000	,34.500000	,16.500000	,182.000000	,90.500000	,123.500000	,-47.000000	,-33.000000	,127.000000	,115.500000	,96.000000	,-140.500000	,-154.500000	,-352.500000	,-298.500000	,-327.000000	,-405.000000	,-255.000000	,-9.500000	,108.500000	,-82.000000	,-425.000000	,-456.000000	,-161.500000	,93.500000	,143.000000	,273.000000	,39.000000	,126.500000	,163.000000	,288.500000	,243.500000	,103.500000	,-32.500000	,76.500000	,121.000000	,123.500000	,45.500000	,-144.500000	,-72.500000	,-105.500000	,140.000000	,115.000000	,201.500000	,31.000000	,25.000000	,-84.000000	,50.000000	,101.500000	,156.500000	,280.000000	,77.000000	,-119.500000	,67.000000	,295.000000	,442.500000	,114.500000	,-255.500000	,-196.500000	,29.500000	,-85.000000	,-341.500000	,-145.000000	,407.000000	,442.000000	,529.000000	,45.000000	,-188.000000	,-312.000000	,45.500000	,157.500000	,436.000000	,425.500000	,57.500000	,25.500000	,-252.500000	,-51.500000	,138.000000	,-44.500000	,13.000000	,-237.500000	,-581.500000	,-1103.500000	,-970.500000	,-1176.500000	,-902.000000	,-1001.500000	,-780.500000	,-267.500000	,-320.500000	,49.500000	,232.500000	,38.000000	,318.500000	,-5.000000	,-179.500000	,-372.500000	,-321.000000	,-200.500000	,147.000000	,340.000000	,274.000000	,135.500000	,-35.000000	,-52.000000	,-388.500000	,-341.000000	,-123.000000	,-91.000000	,-24.000000	,-335.000000	,-141.000000	,154.500000	,187.500000	,142.500000	,-77.000000	,45.500000	,246.500000	,-78.000000	,167.000000	,-130.000000	,304.500000	,122.000000	,223.000000	,-99.000000	,-188.000000	,-469.000000	,-373.500000	,-269.500000	,158.500000	,-12.500000	,326.000000	,-165.000000	,-240.500000	,-224.000000	,37.500000	,192.500000	,87.000000	,14.500000	,170.000000	,442.000000	,569.500000	,333.500000	,
-5.000000	,44.000000	,124.500000	,-102.000000	,-130.500000	,-90.000000	,52.500000	,607.000000	,757.500000	,998.500000	,189.000000	,-158.000000	,-298.000000	,4.000000	,151.500000	,-160.000000	,-12.500000	,-318.500000	,-214.500000	,116.500000	,-73.000000	,-176.500000	,-233.500000	,-320.000000	,101.000000	,-86.500000	,-106.000000	,-197.500000	,-223.000000	,-151.500000	,-336.000000	,-326.000000	,-132.500000	,-300.500000	,-1.000000	,10.000000	,207.000000	,113.500000	,69.500000	,94.000000	,-106.000000	,-132.000000	,60.500000	,-111.500000	,-78.000000	,-2.500000	,129.000000	,725.000000	,939.500000	,1056.000000	,924.500000	,1007.000000	,602.000000	,348.500000	,-195.500000	,-70.500000	,-115.500000	,-35.000000	,-212.500000	,-11.000000	,146.000000	,146.500000	,-71.000000	,-154.500000	,-80.000000	,-119.000000	,16.000000	,-16.500000	,-72.500000	,-233.000000	,-133.000000	,184.500000	,236.000000	,458.000000	,163.000000	,378.500000	,183.000000	,334.500000	,93.500000	,-55.500000	,-402.500000	,-112.000000	,-84.000000	,314.000000	,-346.000000	,-213.500000	,-1207.500000	,-540.000000	,-521.500000	,-313.500000	,-322.500000	,-422.000000	,63.500000	,169.500000	,360.000000	,300.000000	,177.500000	,-149.500000	,-114.000000	,-214.500000	,-75.000000	,12.000000	,215.000000	,110.000000	,-61.000000	,-293.000000	,-297.500000	,-278.000000	,-219.000000	,-118.500000	,-145.500000	,-300.000000	,-334.500000	,-299.000000	,-321.500000	,-310.500000	,-277.000000	,-158.500000	,-250.500000	,-166.500000	,-193.500000	,-27.000000	,-11.000000	,46.000000	,-27.500000	,-21.500000	,-210.500000	,-87.500000	,-274.500000	,-130.000000	,-107.500000	,-61.000000	,-54.000000	,28.000000	,-38.000000	,-165.500000	,-305.500000	,-223.000000	,-262.000000	,20.000000	,-22.000000	,106.000000	,71.000000	,71.000000	,-69.000000	,-21.000000	,0.000000	,-152.000000	,-188.500000	,482.000000	,578.500000	,932.500000	,169.500000	,-26.500000	,-394.000000	,-166.500000	,10.000000	,265.000000	,173.000000	,264.500000	,66.000000	,22.500000	,-221.500000	,-203.500000	,-386.000000	,-83.500000	,-87.000000	,122.500000	,-69.500000	,226.500000	,567.000000	,655.500000	,444.000000	,201.500000	,35.500000	,92.500000	,-92.000000	,17.000000	,-214.000000	,-228.000000	,57.500000	,266.000000	,4.000000	,-660.000000	,-1217.000000	,-1127.500000	,-931.000000	,-266.500000	,-380.500000	,57.000000	,-256.500000	,163.000000	,-208.500000	,164.500000	,-49.000000	,-302.000000	,-907.500000	,-609.000000	,-566.000000	,-420.500000	,-241.000000	,-230.500000	,-283.000000	,-78.000000	,-164.500000	,-67.500000	,-344.000000	,-228.000000	,-177.000000	,125.500000	,199.500000	,-118.500000	,187.500000	,254.000000	,317.000000	,293.500000	,-125.000000	,163.500000	,-219.500000	,2.500000	,-101.000000	,168.000000	,280.500000	,678.000000	,359.000000	,458.500000	,-7.000000	,314.000000	,-1.000000	,-27.500000	,-12.000000	,-47.000000	,37.500000	,-69.000000	,4.500000	,261.000000	,64.500000	,81.000000	,-59.000000	,-64.000000	,
356.000000	,515.500000	,307.000000	,467.000000	,419.000000	,356.000000	,-31.500000	,-76.000000	,107.500000	,301.000000	,362.000000	,211.500000	,147.500000	,337.000000	,172.000000	,82.500000	,-28.500000	,39.000000	,494.000000	,21.500000	,415.000000	,-24.500000	,30.000000	,-83.000000	,209.500000	,354.000000	,403.500000	,34.000000	,-251.500000	,-28.500000	,-231.500000	,86.500000	,-203.000000	,209.500000	,-176.500000	,-109.500000	,-165.500000	,-70.000000	,-412.000000	,-287.000000	,-225.500000	,411.500000	,575.000000	,722.500000	,864.000000	,724.000000	,1005.000000	,1076.500000	,606.000000	,459.500000	,96.500000	,222.000000	,-21.000000	,69.000000	,307.500000	,205.000000	,272.000000	,263.500000	,-140.500000	,54.000000	,205.500000	,287.500000	,242.500000	,-232.500000	,-204.000000	,-309.000000	,-149.500000	,-277.000000	,-153.000000	,10.000000	,-130.500000	,-317.000000	,-620.500000	,-352.500000	,-356.000000	,41.000000	,-160.000000	,86.500000	,31.000000	,68.000000	,13.000000	,-123.000000	,-262.500000	,-647.000000	,-659.500000	,-673.000000	,-519.000000	,-57.500000	,193.500000	,340.000000	,-328.500000	,-467.500000	,-268.500000	,214.000000	,262.500000	,135.000000	,-107.500000	,-38.500000	,1.000000	,-27.500000	,5.000000	,13.000000	,85.000000	,31.000000	,-87.000000	,68.000000	,-5.000000	,185.500000	,-102.500000	,190.000000	,265.000000	,322.000000	,372.500000	,375.500000	,203.000000	,51.500000	,9.500000	,277.000000	,684.500000	,649.000000	,501.500000	,178.000000	,9.500000	,-36.000000	,-158.000000	,-220.500000	,-71.500000	,-152.000000	,64.500000	,-168.500000	,-18.500000	,-132.000000	,-3.000000	,56.000000	,-88.000000	,44.500000	,214.000000	,425.500000	,238.000000	,183.000000	,163.500000	,82.000000	,-121.500000	,-19.500000	,-123.000000	,-2.500000	,-86.500000	,-275.500000	,-258.500000	,-284.000000	,57.500000	,572.000000	,998.500000	,717.000000	,515.000000	,93.500000	,-87.500000	,-180.000000	,-24.500000	,-33.000000	,-174.500000	,-412.500000	,-338.500000	,-139.000000	,177.000000	,-146.000000	,-191.000000	,-509.000000	,-401.500000	,-635.000000	,-472.000000	,24.000000	,154.500000	,71.500000	,-323.000000	,-179.000000	,16.500000	,268.500000	,214.500000	,242.500000	,252.500000	,48.000000	,41.000000	,-363.000000	,-361.500000	,-636.000000	,-718.500000	,-1298.000000	,-1225.000000	,-975.500000	,-949.000000	,-719.500000	,-588.000000	,-31.000000	,345.500000	,317.000000	,9.000000	,-260.000000	,-177.000000	,-298.500000	,-386.000000	,-20.000000	,113.000000	,388.500000	,116.000000	,-22.000000	,-282.500000	,143.000000	,-89.500000	,63.000000	,5.000000	,270.000000	,473.500000	,578.000000	,195.000000	,-223.500000	,-18.000000	,-333.000000	,-194.000000	,-274.500000	,-195.500000	,-51.000000	,-58.500000	,-77.000000	,5.500000	,-240.000000	,-167.000000	,-266.000000	,-535.000000	,-156.500000	,226.500000	,143.000000	,-23.000000	,-377.500000	,-39.500000	,-10.500000	,341.000000	,68.500000	,71.000000	,-79.000000	,
-101.500000	,-79.500000	,-118.500000	,-142.500000	,-144.000000	,-84.500000	,53.000000	,156.000000	,-134.500000	,-422.500000	,-232.500000	,-207.000000	,-322.500000	,-594.000000	,-565.000000	,-480.000000	,-327.000000	,49.000000	,73.000000	,61.000000	,62.000000	,-58.500000	,135.000000	,-54.500000	,-205.000000	,-315.000000	,133.000000	,67.500000	,330.500000	,222.500000	,68.000000	,193.500000	,182.000000	,-191.000000	,-80.000000	,-306.500000	,-289.500000	,-296.500000	,237.000000	,670.500000	,937.000000	,1140.000000	,995.500000	,1292.500000	,894.500000	,728.500000	,435.500000	,315.500000	,4.000000	,-41.500000	,69.500000	,-11.500000	,136.000000	,183.000000	,249.500000	,-5.500000	,-191.000000	,2.000000	,44.500000	,10.500000	,-198.000000	,-11.500000	,-72.500000	,210.500000	,-69.500000	,401.000000	,8.500000	,-64.500000	,-82.000000	,1.500000	,-22.500000	,-18.000000	,-189.000000	,12.500000	,-31.500000	,-98.500000	,85.500000	,-226.500000	,-222.500000	,-328.500000	,-451.000000	,-680.000000	,-991.500000	,-1088.000000	,-466.000000	,-322.000000	,257.000000	,-106.000000	,-22.000000	,-77.500000	,-483.000000	,-488.500000	,-713.500000	,-289.500000	,-159.000000	,-145.500000	,-75.000000	,144.000000	,90.000000	,276.000000	,120.000000	,120.000000	,0.000000	,90.000000	,235.000000	,18.500000	,203.000000	,-23.000000	,267.500000	,231.000000	,184.500000	,182.500000	,136.500000	,58.000000	,304.000000	,105.000000	,266.000000	,-68.500000	,-81.000000	,-138.000000	,1.500000	,-30.500000	,104.000000	,132.500000	,33.500000	,9.000000	,168.500000	,38.000000	,210.000000	,151.500000	,92.000000	,125.000000	,-129.000000	,-144.500000	,-298.000000	,-101.500000	,25.500000	,122.000000	,47.000000	,-162.000000	,-366.000000	,-250.500000	,-72.500000	,19.000000	,-35.000000	,-99.000000	,-118.500000	,154.500000	,483.500000	,297.500000	,428.500000	,-103.500000	,363.500000	,282.500000	,622.000000	,377.000000	,-98.500000	,-1.000000	,0.500000	,48.000000	,375.000000	,309.000000	,426.500000	,246.500000	,201.000000	,124.500000	,76.000000	,56.500000	,276.000000	,62.500000	,-210.000000	,-574.000000	,-145.500000	,-154.000000	,-30.500000	,-178.500000	,126.000000	,294.000000	,257.000000	,176.000000	,49.500000	,175.500000	,55.500000	,322.500000	,282.500000	,411.500000	,-245.500000	,-176.500000	,-154.500000	,-526.000000	,-704.000000	,-1235.500000	,-1221.000000	,-1097.000000	,-1077.000000	,-420.000000	,-246.500000	,-20.500000	,-66.000000	,-96.000000	,-122.500000	,-75.500000	,-50.000000	,18.500000	,19.000000	,-48.500000	,232.500000	,31.000000	,121.500000	,-136.000000	,199.500000	,89.500000	,50.000000	,-8.000000	,-214.500000	,113.500000	,189.500000	,384.500000	,541.500000	,167.500000	,153.500000	,-114.000000	,-229.500000	,-236.500000	,93.500000	,-173.000000	,204.500000	,-254.500000	,152.500000	,58.500000	,138.000000	,79.000000	,34.000000	,-62.000000	,82.500000	,-172.000000	,-223.000000	,-166.000000	,-171.000000	,-79.000000	,
-48.000000	,148.500000	,201.000000	,78.500000	,9.000000	,-87.000000	,75.500000	,-8.500000	,-416.500000	,-331.000000	,-295.500000	,-17.000000	,-90.000000	,-13.500000	,-186.000000	,9.500000	,124.000000	,32.500000	,-315.000000	,-200.000000	,-313.000000	,61.500000	,-270.000000	,47.500000	,-416.500000	,-79.000000	,-233.000000	,9.000000	,89.000000	,-7.000000	,-251.500000	,-78.000000	,-15.500000	,365.500000	,604.500000	,744.500000	,467.500000	,896.500000	,1001.500000	,1316.500000	,1064.000000	,482.000000	,-177.500000	,-460.000000	,-126.000000	,93.000000	,43.500000	,-162.000000	,-255.000000	,-338.500000	,-298.500000	,-63.500000	,-145.000000	,-134.000000	,-76.500000	,6.000000	,222.500000	,337.000000	,402.000000	,123.000000	,-6.000000	,44.000000	,13.500000	,-127.500000	,35.000000	,4.000000	,-180.500000	,-256.000000	,-439.000000	,-64.500000	,-109.000000	,308.000000	,618.000000	,478.500000	,228.000000	,-114.000000	,-288.500000	,-610.500000	,-286.000000	,-674.500000	,-614.500000	,-800.000000	,-482.500000	,-281.000000	,-61.500000	,-289.000000	,-85.500000	,-278.000000	,-86.500000	,-39.500000	,212.000000	,-63.500000	,-290.000000	,-564.000000	,-58.500000	,-212.500000	,-62.000000	,95.500000	,8.000000	,15.000000	,-3.000000	,-115.500000	,-115.500000	,-112.500000	,-106.500000	,93.500000	,325.500000	,387.500000	,187.500000	,12.500000	,117.500000	,69.500000	,57.500000	,34.000000	,97.000000	,147.500000	,16.000000	,-49.000000	,-153.500000	,-161.500000	,-54.500000	,47.500000	,47.500000	,-78.500000	,57.000000	,211.500000	,351.000000	,349.500000	,160.000000	,107.500000	,25.500000	,-2.000000	,77.000000	,-57.500000	,178.000000	,103.000000	,110.500000	,10.000000	,-276.000000	,-202.500000	,-297.500000	,-122.000000	,-109.000000	,-63.500000	,90.000000	,-95.000000	,141.000000	,-12.000000	,-29.000000	,-196.000000	,-265.500000	,-223.500000	,-339.000000	,252.500000	,744.500000	,1052.500000	,945.500000	,556.500000	,337.000000	,128.500000	,77.000000	,60.500000	,351.500000	,534.000000	,55.500000	,381.000000	,-14.000000	,237.500000	,-43.000000	,43.000000	,-92.500000	,-129.500000	,-626.500000	,40.500000	,-75.500000	,383.000000	,279.000000	,43.000000	,475.500000	,212.000000	,5.000000	,-447.500000	,-450.000000	,-30.000000	,160.500000	,423.500000	,17.500000	,163.500000	,-276.000000	,-299.000000	,-362.500000	,52.000000	,382.500000	,-292.500000	,-650.000000	,-1437.500000	,-1019.500000	,-863.500000	,-670.000000	,-188.500000	,148.000000	,398.000000	,513.500000	,232.500000	,-33.500000	,-66.500000	,-56.500000	,302.500000	,-47.500000	,293.000000	,49.000000	,155.000000	,-266.500000	,-305.500000	,-270.000000	,-65.500000	,-57.000000	,85.000000	,-48.000000	,233.500000	,161.000000	,135.500000	,-265.500000	,-183.500000	,-264.000000	,65.000000	,-143.500000	,115.500000	,23.500000	,-76.500000	,-75.000000	,-186.000000	,42.000000	,317.500000	,257.500000	,265.000000	,-182.500000	,-7.500000	,-148.500000	,-85.500000	,
-169.000000	,-154.500000	,-181.500000	,33.000000	,-84.000000	,82.000000	,-32.000000	,72.500000	,252.000000	,709.500000	,683.000000	,326.500000	,238.500000	,-38.500000	,-94.500000	,-38.000000	,-30.500000	,-238.000000	,-243.500000	,32.000000	,150.500000	,423.000000	,139.000000	,233.000000	,164.000000	,116.000000	,-255.000000	,-509.500000	,-575.500000	,-168.500000	,216.500000	,527.500000	,700.500000	,1021.500000	,963.000000	,1453.000000	,1214.500000	,1125.000000	,441.500000	,48.500000	,71.500000	,-137.500000	,169.000000	,-130.000000	,45.500000	,-154.500000	,-201.500000	,-216.500000	,81.000000	,222.500000	,489.000000	,414.000000	,296.000000	,155.000000	,-181.000000	,-2.000000	,-181.000000	,-189.000000	,-110.500000	,-401.500000	,-89.000000	,-359.000000	,62.500000	,16.000000	,148.000000	,122.500000	,24.500000	,238.000000	,198.500000	,198.500000	,-61.000000	,-15.000000	,-80.500000	,118.500000	,-64.000000	,217.000000	,87.000000	,-92.000000	,-466.000000	,-787.000000	,-206.000000	,97.000000	,198.500000	,133.500000	,-30.500000	,-57.000000	,26.000000	,-188.500000	,194.000000	,215.000000	,141.500000	,-221.000000	,-524.500000	,-542.000000	,-135.500000	,161.000000	,189.500000	,158.000000	,207.500000	,-24.000000	,-27.000000	,-214.500000	,-120.000000	,-327.000000	,-262.500000	,-47.500000	,-34.000000	,-31.000000	,-262.500000	,-279.000000	,-283.500000	,-154.500000	,-106.000000	,-210.000000	,-139.500000	,-167.000000	,-180.000000	,101.500000	,-54.500000	,97.000000	,-187.500000	,-81.000000	,-18.000000	,-126.000000	,-57.000000	,-199.500000	,-85.500000	,-159.000000	,-85.500000	,-176.000000	,-174.500000	,-207.500000	,-72.000000	,198.500000	,168.000000	,175.500000	,41.000000	,160.000000	,93.500000	,289.500000	,276.000000	,332.000000	,96.000000	,160.000000	,2.500000	,-165.500000	,-283.500000	,-170.500000	,-184.000000	,-69.500000	,-333.500000	,341.000000	,-72.500000	,165.000000	,59.500000	,507.000000	,816.500000	,981.000000	,1035.000000	,458.000000	,140.000000	,-82.500000	,-259.000000	,-291.000000	,-29.500000	,83.500000	,171.000000	,251.000000	,194.000000	,110.000000	,217.000000	,-231.000000	,-66.000000	,32.500000	,450.500000	,356.000000	,67.500000	,-106.000000	,-366.500000	,-263.500000	,-18.000000	,49.000000	,320.500000	,119.500000	,-55.000000	,132.500000	,-132.000000	,7.000000	,58.500000	,371.500000	,319.500000	,226.000000	,-178.500000	,-109.000000	,132.000000	,95.500000	,127.000000	,-349.000000	,-680.500000	,-861.000000	,-856.500000	,-844.000000	,-669.500000	,-606.500000	,-378.000000	,51.500000	,146.000000	,286.000000	,-18.000000	,-33.000000	,-223.500000	,-268.000000	,7.500000	,-326.000000	,-318.000000	,-412.500000	,-317.000000	,47.000000	,-281.000000	,-147.500000	,-207.000000	,-33.500000	,121.500000	,-117.000000	,-73.000000	,-291.500000	,-194.000000	,265.000000	,-62.500000	,195.000000	,140.500000	,-9.500000	,37.000000	,-207.000000	,-171.500000	,-101.500000	,175.500000	,224.000000	,-17.000000	,-280.000000	,
-30.000000	,-110.000000	,2.000000	,-90.000000	,102.000000	,-121.500000	,-60.000000	,-66.000000	,426.500000	,285.000000	,507.000000	,-435.000000	,-133.500000	,87.000000	,419.500000	,247.000000	,188.500000	,43.000000	,116.000000	,-4.500000	,-285.500000	,-270.500000	,-3.000000	,-7.500000	,-59.000000	,-328.500000	,-66.500000	,483.000000	,815.500000	,945.000000	,1095.000000	,882.000000	,901.500000	,182.500000	,389.000000	,-89.500000	,81.500000	,-362.000000	,-145.500000	,-121.000000	,24.500000	,292.500000	,430.000000	,169.000000	,-12.500000	,-267.000000	,66.000000	,329.500000	,35.500000	,378.000000	,158.500000	,98.000000	,11.000000	,19.000000	,107.500000	,-32.000000	,-192.500000	,-416.500000	,-228.000000	,-30.500000	,-27.500000	,-32.000000	,-231.500000	,-159.000000	,76.000000	,-0.500000	,431.500000	,182.500000	,410.000000	,-1.500000	,239.000000	,-16.500000	,-72.000000	,34.500000	,-62.000000	,-78.500000	,-198.500000	,-633.000000	,-536.000000	,-474.000000	,-311.000000	,-146.500000	,-291.000000	,-46.500000	,288.500000	,375.000000	,376.500000	,75.000000	,109.500000	,-200.500000	,81.500000	,186.000000	,-371.000000	,-600.000000	,-1002.500000	,-366.500000	,-144.000000	,-171.000000	,-63.000000	,-39.000000	,-10.000000	,53.000000	,99.500000	,-42.000000	,-76.000000	,-41.000000	,-26.000000	,-75.000000	,-261.500000	,-147.500000	,-495.000000	,-94.000000	,-137.500000	,72.500000	,249.000000	,102.000000	,133.500000	,67.500000	,153.500000	,83.000000	,108.500000	,-183.000000	,-154.500000	,13.500000	,197.000000	,306.500000	,186.500000	,36.000000	,-151.500000	,-306.500000	,-256.000000	,-274.000000	,-204.500000	,-114.000000	,5.500000	,92.500000	,86.000000	,56.500000	,239.000000	,74.500000	,57.000000	,-142.000000	,-131.500000	,-181.500000	,-430.500000	,-362.500000	,-505.000000	,-140.500000	,-22.500000	,262.500000	,359.000000	,291.500000	,254.000000	,268.500000	,329.500000	,109.000000	,111.000000	,363.000000	,483.500000	,809.500000	,610.500000	,495.000000	,148.500000	,39.000000	,65.500000	,103.500000	,-257.500000	,-240.000000	,-14.000000	,363.500000	,121.000000	,99.000000	,-164.500000	,-53.500000	,-196.500000	,-389.000000	,-371.000000	,-390.000000	,-42.000000	,-72.500000	,-59.000000	,46.000000	,256.500000	,-342.000000	,-228.000000	,-372.500000	,17.500000	,63.500000	,353.500000	,485.000000	,422.500000	,245.000000	,39.500000	,155.000000	,9.500000	,-9.500000	,119.000000	,121.000000	,282.000000	,11.500000	,-270.000000	,-1034.500000	,-1180.500000	,-990.500000	,-417.000000	,-411.000000	,-495.000000	,-814.500000	,-265.000000	,-96.000000	,181.500000	,59.000000	,51.500000	,323.000000	,208.500000	,185.000000	,191.500000	,-47.500000	,-84.000000	,-462.500000	,-253.500000	,-241.000000	,200.000000	,333.000000	,664.000000	,261.500000	,345.000000	,104.000000	,317.000000	,294.000000	,265.500000	,254.000000	,115.500000	,176.500000	,-167.000000	,-168.500000	,-265.500000	,-78.000000	,-342.500000	,-189.000000	,
89.500000	,48.500000	,33.500000	,-192.000000	,-99.000000	,-108.000000	,84.000000	,31.500000	,57.000000	,-237.500000	,-202.000000	,-321.500000	,-286.500000	,2.000000	,-133.000000	,-34.000000	,87.500000	,134.500000	,272.000000	,144.500000	,120.000000	,-151.500000	,229.000000	,478.000000	,825.500000	,1002.500000	,1185.000000	,1348.000000	,1216.000000	,1122.000000	,550.000000	,339.500000	,131.500000	,304.500000	,139.000000	,49.500000	,-169.500000	,-225.500000	,-384.500000	,-542.000000	,-241.500000	,-403.500000	,96.500000	,180.500000	,60.500000	,28.500000	,-16.000000	,60.500000	,-90.000000	,-216.500000	,-210.000000	,-145.500000	,-55.000000	,-321.000000	,42.500000	,-100.000000	,46.500000	,-190.500000	,151.000000	,40.500000	,196.500000	,168.500000	,159.000000	,133.500000	,-130.500000	,-56.000000	,-411.500000	,-349.000000	,-118.500000	,117.500000	,-83.000000	,-41.000000	,-114.500000	,114.500000	,-236.000000	,-919.000000	,-984.000000	,-515.000000	,340.000000	,410.000000	,75.000000	,-407.000000	,-431.000000	,-43.000000	,147.500000	,114.000000	,-18.500000	,-130.500000	,-194.000000	,-326.500000	,-274.000000	,-542.500000	,-63.500000	,-335.000000	,-39.000000	,-630.000000	,-276.000000	,-387.000000	,-159.000000	,-48.500000	,-57.500000	,-11.500000	,67.500000	,263.000000	,-17.500000	,138.000000	,-243.000000	,81.000000	,269.500000	,339.500000	,262.500000	,105.500000	,-16.000000	,119.500000	,187.000000	,142.000000	,7.500000	,-67.500000	,-115.500000	,-103.500000	,-102.000000	,-109.500000	,-100.500000	,-376.500000	,-286.500000	,-312.500000	,-27.500000	,89.500000	,-49.500000	,124.000000	,-130.500000	,46.000000	,-165.000000	,-9.500000	,41.000000	,80.000000	,66.500000	,0.000000	,-70.500000	,-181.500000	,-49.500000	,-138.000000	,-93.000000	,-496.500000	,-223.500000	,-73.000000	,85.500000	,-60.000000	,-91.000000	,194.500000	,156.000000	,25.000000	,-17.000000	,158.500000	,81.500000	,37.500000	,215.500000	,245.000000	,493.500000	,458.500000	,548.000000	,865.500000	,641.500000	,363.000000	,-243.000000	,121.500000	,64.500000	,272.000000	,-380.500000	,-382.500000	,-233.000000	,89.500000	,-28.500000	,-270.500000	,-295.000000	,109.000000	,217.000000	,379.000000	,70.000000	,109.500000	,-195.500000	,-18.500000	,-60.000000	,-142.500000	,-280.000000	,-366.000000	,-99.000000	,-137.000000	,-133.000000	,-210.000000	,-400.000000	,-506.500000	,-14.500000	,-250.500000	,-121.000000	,-365.500000	,-217.500000	,139.000000	,-34.500000	,44.000000	,113.500000	,267.000000	,25.500000	,-255.000000	,-652.500000	,-992.500000	,-1287.500000	,-786.500000	,-710.500000	,-650.500000	,-576.500000	,-419.500000	,-107.500000	,103.000000	,515.500000	,350.000000	,212.500000	,-192.500000	,52.000000	,528.000000	,281.000000	,382.000000	,32.000000	,407.000000	,63.000000	,447.000000	,236.500000	,83.500000	,-140.000000	,-382.000000	,-212.500000	,-52.000000	,-208.500000	,-3.500000	,161.500000	,342.500000	,180.000000	,6.500000	,2.000000	,135.500000	,
-188.500000	,68.000000	,173.000000	,110.000000	,-75.000000	,-261.000000	,-126.000000	,103.000000	,47.500000	,95.500000	,192.000000	,336.000000	,164.000000	,-196.000000	,-214.000000	,-213.000000	,146.000000	,-145.500000	,-136.000000	,-215.000000	,242.500000	,680.500000	,1047.500000	,1101.500000	,1061.000000	,1089.000000	,758.000000	,241.000000	,-43.000000	,-22.000000	,-80.500000	,98.500000	,88.000000	,40.000000	,252.000000	,-29.000000	,303.500000	,291.000000	,191.000000	,-29.500000	,185.000000	,55.000000	,-24.000000	,176.000000	,234.500000	,551.500000	,-169.000000	,-50.500000	,-237.500000	,61.000000	,-128.500000	,-193.500000	,-297.000000	,-52.500000	,-375.000000	,203.000000	,15.000000	,561.000000	,420.500000	,223.000000	,-88.500000	,-131.500000	,-207.000000	,-20.000000	,-317.000000	,-81.500000	,-155.000000	,-50.000000	,-199.500000	,11.000000	,-226.500000	,-135.500000	,-368.000000	,-610.500000	,-1324.000000	,-900.500000	,-543.500000	,36.000000	,-14.500000	,125.000000	,206.500000	,337.500000	,91.000000	,33.000000	,-569.500000	,-480.500000	,-467.500000	,-22.500000	,250.500000	,336.000000	,226.000000	,197.500000	,250.000000	,1018.500000	,506.000000	,474.500000	,81.000000	,190.000000	,-52.500000	,-110.000000	,-33.500000	,-96.500000	,1.500000	,4.500000	,242.500000	,272.500000	,132.500000	,-173.000000	,-34.000000	,52.500000	,327.000000	,282.500000	,162.000000	,130.000000	,111.500000	,134.000000	,-83.000000	,-169.500000	,-83.500000	,-343.000000	,-64.500000	,-109.500000	,4.000000	,-40.000000	,-244.500000	,-232.500000	,-168.500000	,-107.000000	,150.500000	,260.000000	,395.000000	,420.500000	,164.500000	,53.500000	,-14.500000	,-51.000000	,-87.000000	,-207.000000	,-403.500000	,-286.500000	,-41.500000	,191.500000	,-93.000000	,-569.000000	,-533.500000	,-413.500000	,159.500000	,125.500000	,194.500000	,-144.500000	,-211.000000	,-298.500000	,-301.000000	,-107.500000	,-262.500000	,88.500000	,-25.500000	,38.000000	,-201.500000	,-389.000000	,80.000000	,561.500000	,888.500000	,1035.000000	,635.000000	,350.000000	,43.000000	,-196.500000	,-30.000000	,-324.000000	,-62.500000	,-248.000000	,297.000000	,176.500000	,44.000000	,68.500000	,180.000000	,455.500000	,163.000000	,332.000000	,339.500000	,289.500000	,350.500000	,85.000000	,241.500000	,74.000000	,105.000000	,42.000000	,151.500000	,151.000000	,230.000000	,217.000000	,-138.000000	,-236.000000	,30.000000	,315.000000	,187.500000	,-94.000000	,-150.500000	,-494.000000	,-77.500000	,16.000000	,-69.500000	,-23.000000	,-223.500000	,1.500000	,-7.000000	,-64.000000	,-413.500000	,-992.000000	,-1453.000000	,-1392.500000	,-1476.000000	,-1206.000000	,-924.000000	,-630.000000	,-349.000000	,-235.500000	,-31.000000	,-70.500000	,171.000000	,28.000000	,-105.500000	,-38.000000	,-292.500000	,-60.000000	,-124.000000	,-25.500000	,40.000000	,81.500000	,175.500000	,350.000000	,278.500000	,115.500000	,-26.500000	,19.000000	,-275.000000	,-171.500000	,-129.500000	,142.500000	,
-254.000000	,-118.000000	,-229.500000	,84.500000	,98.500000	,67.000000	,-126.500000	,-77.500000	,13.000000	,24.500000	,673.500000	,348.000000	,344.500000	,302.000000	,251.000000	,385.500000	,622.500000	,671.000000	,838.000000	,896.000000	,1334.500000	,1396.000000	,758.500000	,154.500000	,-389.000000	,-123.500000	,-164.500000	,1.500000	,44.000000	,-179.000000	,189.000000	,347.500000	,431.000000	,251.500000	,35.500000	,4.500000	,-79.000000	,243.500000	,139.500000	,438.500000	,289.000000	,600.000000	,8.500000	,119.000000	,17.000000	,96.500000	,168.000000	,-85.500000	,-14.000000	,-2.000000	,-44.500000	,-100.000000	,77.000000	,360.000000	,352.000000	,673.500000	,373.000000	,113.000000	,-270.000000	,-20.500000	,91.000000	,30.000000	,-183.500000	,-170.500000	,103.000000	,163.500000	,353.000000	,3.000000	,94.500000	,-60.000000	,134.500000	,-417.000000	,-710.500000	,-1139.500000	,-870.500000	,-573.000000	,-472.500000	,-579.500000	,-808.000000	,-466.500000	,-347.000000	,151.000000	,242.000000	,69.500000	,-127.500000	,-256.500000	,219.500000	,238.500000	,558.000000	,88.000000	,-117.000000	,101.000000	,411.000000	,516.000000	,131.500000	,-88.500000	,-19.000000	,53.000000	,41.500000	,22.000000	,54.500000	,127.500000	,160.000000	,75.000000	,127.000000	,20.000000	,-187.000000	,-133.000000	,-248.500000	,-64.000000	,29.500000	,-3.500000	,34.000000	,-21.000000	,-6.000000	,-30.000000	,14.000000	,131.000000	,200.000000	,193.000000	,228.500000	,155.000000	,-57.500000	,140.500000	,242.500000	,281.500000	,93.000000	,133.000000	,48.000000	,-13.500000	,96.500000	,122.500000	,149.500000	,-30.500000	,-129.000000	,-100.500000	,-91.500000	,-204.000000	,-187.000000	,-7.500000	,-46.500000	,-295.000000	,-932.000000	,-646.000000	,-1137.500000	,-764.000000	,-1023.000000	,-376.000000	,-72.000000	,-80.000000	,166.000000	,218.000000	,327.500000	,17.000000	,64.000000	,16.500000	,195.000000	,-9.000000	,50.500000	,50.000000	,-176.000000	,-55.000000	,88.000000	,441.500000	,547.500000	,348.000000	,56.500000	,113.500000	,186.000000	,173.500000	,-41.500000	,98.500000	,69.500000	,79.000000	,58.000000	,-265.500000	,-170.000000	,-549.500000	,-230.500000	,-325.000000	,249.000000	,-281.000000	,26.500000	,-178.500000	,485.500000	,410.500000	,758.000000	,297.000000	,101.000000	,-370.500000	,-217.000000	,150.500000	,120.500000	,345.500000	,75.500000	,311.000000	,-19.000000	,-245.000000	,-439.000000	,-37.000000	,-116.000000	,106.500000	,-53.000000	,-372.000000	,-312.500000	,-485.000000	,-24.500000	,-439.500000	,-400.500000	,-278.500000	,42.500000	,-206.500000	,-661.000000	,-999.500000	,-1008.000000	,-566.000000	,-627.500000	,-270.500000	,-563.000000	,-445.000000	,-681.000000	,-175.500000	,-256.000000	,-119.000000	,-189.000000	,-242.500000	,-186.000000	,-18.500000	,9.500000	,19.000000	,-156.500000	,-258.000000	,-49.500000	,-26.500000	,87.000000	,-66.000000	,62.000000	,53.500000	,134.500000	,-44.500000	,
-84.500000	,101.000000	,-29.000000	,206.500000	,309.000000	,274.500000	,-23.500000	,-147.500000	,-113.000000	,548.500000	,653.000000	,939.000000	,877.500000	,925.000000	,863.500000	,1196.500000	,948.000000	,1467.500000	,1125.500000	,1047.000000	,508.000000	,106.500000	,-228.500000	,-267.500000	,-43.500000	,347.500000	,76.000000	,166.500000	,-191.500000	,-32.000000	,-545.000000	,-499.500000	,-579.000000	,-441.500000	,-218.000000	,-338.000000	,-159.500000	,102.000000	,408.000000	,320.000000	,-36.000000	,-186.500000	,51.500000	,275.000000	,300.500000	,189.000000	,164.000000	,230.500000	,-115.500000	,-137.000000	,-79.500000	,-31.000000	,27.000000	,149.500000	,123.500000	,26.000000	,139.000000	,-117.000000	,-262.000000	,-104.500000	,-23.000000	,252.000000	,441.500000	,412.500000	,326.000000	,153.000000	,-160.000000	,-73.000000	,-401.500000	,-434.500000	,-972.500000	,-1072.000000	,-636.500000	,-388.000000	,150.500000	,69.000000	,-68.500000	,112.000000	,161.000000	,146.000000	,78.000000	,-108.000000	,78.000000	,216.500000	,314.000000	,509.000000	,111.500000	,105.500000	,-132.500000	,-259.000000	,-364.000000	,139.000000	,389.500000	,326.000000	,288.500000	,381.000000	,132.500000	,-74.000000	,-320.500000	,-236.500000	,-46.000000	,-193.000000	,-119.500000	,-125.500000	,-6.000000	,-111.000000	,155.000000	,-21.000000	,139.500000	,-302.000000	,-180.000000	,-289.500000	,-85.500000	,-144.000000	,-31.500000	,7.500000	,-167.500000	,50.000000	,-17.500000	,222.500000	,108.000000	,117.000000	,136.000000	,286.000000	,412.000000	,217.000000	,102.000000	,-45.000000	,57.000000	,-99.000000	,27.000000	,-145.500000	,6.500000	,-145.000000	,-109.000000	,-105.500000	,97.000000	,382.500000	,582.000000	,371.000000	,-42.000000	,-983.500000	,-563.000000	,-414.000000	,80.000000	,-173.000000	,-259.500000	,-494.500000	,-130.000000	,151.500000	,-111.500000	,-85.500000	,-14.500000	,-350.000000	,-49.500000	,-332.500000	,-108.500000	,-311.500000	,116.000000	,-91.000000	,96.000000	,-177.500000	,-28.000000	,69.500000	,753.500000	,463.000000	,1187.500000	,431.000000	,391.000000	,325.500000	,139.000000	,684.000000	,263.500000	,86.500000	,-81.000000	,-100.000000	,-372.000000	,-299.500000	,-408.000000	,-299.500000	,-432.000000	,-268.500000	,-218.500000	,-48.500000	,-113.000000	,-62.000000	,-115.500000	,15.500000	,-156.000000	,-143.000000	,-210.000000	,86.500000	,155.000000	,179.000000	,-220.000000	,-151.000000	,-384.000000	,-46.500000	,-79.000000	,-54.500000	,-29.000000	,-108.000000	,42.500000	,-7.500000	,260.500000	,-72.500000	,-98.500000	,-224.500000	,156.500000	,201.000000	,827.000000	,719.000000	,672.500000	,512.000000	,61.500000	,-466.000000	,-958.500000	,-1051.000000	,-750.000000	,-437.500000	,-452.500000	,-658.000000	,-613.000000	,-547.000000	,89.000000	,68.500000	,19.000000	,-294.500000	,-55.000000	,-176.500000	,17.500000	,-294.000000	,-42.000000	,-175.500000	,-160.000000	,115.000000	,125.000000	,381.500000	,213.000000	,79.000000	,
-76.000000	,-9.000000	,-0.500000	,10.000000	,51.500000	,-46.500000	,-10.500000	,-34.000000	,-35.500000	,-20.500000	,92.500000	,603.500000	,968.500000	,859.500000	,669.500000	,510.500000	,44.500000	,-96.500000	,-282.500000	,-8.000000	,-287.500000	,-352.500000	,-207.000000	,-438.000000	,53.500000	,85.000000	,-26.000000	,-270.500000	,-204.500000	,150.500000	,15.500000	,-296.500000	,-286.000000	,-128.500000	,73.000000	,358.000000	,387.000000	,20.000000	,-58.000000	,-476.500000	,-534.500000	,-478.500000	,-386.000000	,-216.500000	,-243.500000	,-356.500000	,-73.000000	,68.000000	,326.500000	,390.500000	,129.000000	,240.500000	,-128.500000	,-47.000000	,-369.500000	,-320.000000	,-242.000000	,-74.500000	,303.500000	,74.000000	,102.500000	,35.000000	,12.500000	,-131.000000	,-191.000000	,-178.000000	,-104.000000	,-214.000000	,-724.500000	,-1008.500000	,-809.000000	,-355.000000	,9.500000	,208.500000	,42.500000	,348.500000	,393.500000	,464.500000	,-35.500000	,293.500000	,103.500000	,151.500000	,-41.500000	,-119.000000	,126.500000	,-66.500000	,-365.000000	,-92.500000	,-267.500000	,549.000000	,709.500000	,872.500000	,258.000000	,-292.500000	,-405.000000	,-25.500000	,212.000000	,27.500000	,-127.000000	,-131.000000	,-129.500000	,-120.500000	,-60.000000	,-264.500000	,-74.000000	,-31.000000	,58.500000	,193.500000	,134.500000	,-178.000000	,-181.000000	,-369.000000	,-118.500000	,-154.500000	,-158.500000	,-62.500000	,-133.000000	,-16.500000	,-106.500000	,-127.500000	,-127.500000	,-156.000000	,-67.500000	,29.000000	,56.000000	,-103.000000	,-16.500000	,-63.500000	,-26.000000	,169.500000	,83.000000	,98.000000	,-157.500000	,-42.000000	,-117.000000	,-49.500000	,-72.500000	,-369.500000	,-645.500000	,-1002.500000	,-849.000000	,-570.000000	,-173.500000	,89.000000	,161.500000	,126.500000	,-243.000000	,-594.500000	,-687.500000	,-252.500000	,-97.000000	,-241.500000	,-383.000000	,-17.500000	,-12.000000	,-146.500000	,-402.000000	,-293.500000	,-152.000000	,305.000000	,108.500000	,-19.500000	,-359.000000	,-268.000000	,-84.500000	,642.500000	,671.000000	,877.500000	,924.000000	,213.000000	,280.500000	,125.500000	,172.000000	,209.000000	,-207.500000	,-163.500000	,-430.500000	,-18.000000	,173.500000	,453.000000	,479.500000	,493.000000	,488.500000	,416.500000	,-2.500000	,-85.500000	,-290.500000	,-256.000000	,-1.000000	,174.500000	,-113.500000	,-194.000000	,-198.000000	,33.000000	,182.500000	,-131.000000	,70.500000	,38.000000	,345.000000	,56.500000	,-16.500000	,-98.000000	,-337.000000	,-88.500000	,-325.000000	,84.000000	,258.000000	,499.500000	,229.500000	,328.500000	,-251.500000	,-18.000000	,-416.500000	,-263.000000	,-527.500000	,-416.000000	,-203.500000	,-246.500000	,92.500000	,-253.000000	,-553.000000	,-1167.000000	,-1337.500000	,-934.000000	,-753.500000	,-564.500000	,-393.500000	,-60.500000	,330.500000	,461.000000	,243.000000	,328.000000	,232.500000	,188.500000	,216.500000	,216.500000	,216.500000	,-33.000000	,46.000000	,-18.000000	,
-40.000000	,142.500000	,-28.500000	,35.000000	,40.000000	,-53.500000	,111.000000	,19.000000	,45.500000	,30.000000	,-149.500000	,17.500000	,-151.000000	,-259.500000	,-192.500000	,-272.500000	,152.000000	,-34.000000	,102.000000	,-26.000000	,160.000000	,476.500000	,340.500000	,601.500000	,147.000000	,125.500000	,-59.000000	,-165.500000	,-22.000000	,-55.500000	,231.500000	,404.500000	,331.500000	,394.000000	,-117.000000	,-279.000000	,-203.000000	,-681.500000	,-475.000000	,-614.500000	,-130.000000	,15.000000	,-41.500000	,-74.500000	,-364.000000	,-390.500000	,-231.500000	,-417.500000	,-137.000000	,-266.000000	,-16.000000	,-230.000000	,2.500000	,-54.500000	,248.000000	,-137.000000	,-52.500000	,-176.000000	,-239.000000	,-154.000000	,-143.500000	,-313.500000	,-365.500000	,-212.500000	,-326.000000	,-255.000000	,-522.000000	,-752.500000	,-464.500000	,-285.000000	,38.500000	,112.000000	,238.000000	,454.500000	,468.500000	,200.500000	,181.500000	,-21.000000	,164.500000	,13.500000	,1.500000	,288.500000	,-141.500000	,63.500000	,-436.000000	,-315.000000	,-110.000000	,-131.500000	,333.000000	,526.000000	,687.500000	,379.000000	,263.000000	,-134.000000	,-345.000000	,-585.500000	,-320.500000	,-14.000000	,43.000000	,67.500000	,-264.000000	,-97.500000	,-55.500000	,-94.500000	,-72.500000	,-115.500000	,192.500000	,297.500000	,186.000000	,248.000000	,4.000000	,77.500000	,-66.000000	,39.000000	,-123.500000	,-51.500000	,-95.000000	,40.500000	,27.000000	,105.500000	,122.000000	,225.500000	,-13.500000	,97.500000	,81.000000	,190.000000	,-50.000000	,-74.000000	,-253.500000	,-208.500000	,-298.500000	,-130.000000	,-1.500000	,191.000000	,327.500000	,146.500000	,-239.500000	,-783.000000	,-987.000000	,-966.000000	,-720.000000	,-364.500000	,-298.500000	,-222.000000	,-162.000000	,-3.500000	,-65.500000	,-389.000000	,-681.000000	,-736.500000	,-146.500000	,142.000000	,-13.500000	,373.000000	,159.500000	,182.000000	,-17.000000	,64.500000	,-176.000000	,-312.000000	,-590.000000	,-266.500000	,-127.000000	,-231.000000	,70.500000	,-261.000000	,-142.000000	,227.000000	,436.000000	,387.000000	,384.500000	,-262.500000	,-258.500000	,-316.500000	,-76.500000	,107.500000	,34.000000	,-108.000000	,-126.500000	,-225.000000	,43.500000	,-195.500000	,-138.500000	,-36.000000	,-150.500000	,420.500000	,152.000000	,174.000000	,-243.500000	,-400.500000	,-176.500000	,-142.000000	,185.500000	,120.500000	,94.500000	,1.000000	,340.500000	,-57.500000	,89.000000	,161.500000	,183.500000	,267.000000	,121.500000	,4.500000	,129.000000	,204.000000	,44.500000	,228.500000	,-174.000000	,-240.500000	,-600.500000	,-742.000000	,-445.000000	,-161.000000	,-91.500000	,-238.000000	,-278.500000	,-265.000000	,-200.500000	,-214.000000	,-410.500000	,-205.500000	,-60.500000	,-230.000000	,-956.000000	,-1237.000000	,-803.000000	,-957.000000	,-590.000000	,-693.500000	,-202.000000	,-97.000000	,65.000000	,65.000000	,-58.500000	,-52.500000	,-112.500000	,-31.000000	,-27.500000	,-6.000000	,
133.500000	,197.500000	,211.500000	,-23.500000	,-80.500000	,-31.000000	,42.500000	,-86.500000	,-71.500000	,-62.000000	,11.000000	,121.500000	,105.000000	,207.000000	,41.500000	,167.000000	,235.500000	,34.500000	,-367.500000	,-432.000000	,-353.000000	,-248.000000	,101.500000	,118.000000	,148.000000	,-331.000000	,-118.500000	,46.000000	,-209.000000	,-0.500000	,-175.500000	,448.500000	,87.000000	,-10.500000	,-264.000000	,-33.500000	,-247.000000	,175.500000	,-113.500000	,351.500000	,472.500000	,546.000000	,143.500000	,-40.000000	,-195.000000	,142.500000	,241.000000	,448.500000	,-55.000000	,235.000000	,-389.000000	,-116.000000	,-150.000000	,307.000000	,423.500000	,594.000000	,590.000000	,431.500000	,284.500000	,-73.500000	,-109.000000	,54.000000	,-78.500000	,72.000000	,-400.000000	,-823.500000	,-639.500000	,-604.500000	,-220.000000	,-259.000000	,98.000000	,-195.500000	,105.000000	,-84.500000	,111.000000	,35.000000	,-14.000000	,-228.000000	,-39.500000	,-324.000000	,-265.000000	,-189.000000	,-95.000000	,17.000000	,23.500000	,31.500000	,-74.500000	,-65.000000	,439.000000	,242.000000	,177.500000	,60.000000	,158.500000	,235.000000	,-175.500000	,-138.500000	,-463.500000	,-329.500000	,-351.000000	,-227.000000	,-244.500000	,-876.000000	,-869.000000	,-1032.000000	,-414.000000	,-162.000000	,-14.500000	,-14.500000	,65.000000	,108.000000	,59.000000	,119.500000	,165.000000	,283.500000	,307.500000	,132.000000	,293.500000	,116.000000	,147.500000	,-130.000000	,63.000000	,-24.000000	,46.500000	,-220.500000	,-220.000000	,-212.500000	,-256.000000	,-19.500000	,-280.500000	,-25.500000	,-120.000000	,-9.000000	,-4.000000	,-164.000000	,-117.500000	,-280.000000	,-772.000000	,-357.500000	,-233.500000	,-30.500000	,-77.000000	,-166.500000	,222.000000	,466.000000	,317.500000	,96.000000	,221.500000	,-31.500000	,-478.500000	,-750.000000	,-543.500000	,-340.500000	,235.500000	,-73.500000	,167.500000	,-186.500000	,315.000000	,145.500000	,247.500000	,-16.500000	,31.000000	,147.000000	,408.500000	,518.500000	,277.500000	,73.000000	,54.500000	,45.500000	,263.500000	,351.000000	,813.000000	,673.000000	,385.000000	,46.000000	,-114.500000	,167.000000	,327.000000	,113.500000	,189.500000	,1.500000	,-102.500000	,-518.500000	,-525.500000	,-569.500000	,-383.000000	,-336.500000	,41.000000	,370.500000	,247.000000	,34.000000	,140.000000	,274.500000	,-49.500000	,-155.000000	,-474.500000	,-135.500000	,-276.000000	,-82.000000	,-133.000000	,-91.000000	,-132.500000	,-280.500000	,96.000000	,168.000000	,423.500000	,282.000000	,139.000000	,-200.500000	,-28.500000	,10.000000	,153.500000	,414.500000	,147.000000	,212.500000	,109.500000	,448.500000	,448.000000	,378.500000	,-52.000000	,-284.000000	,2.500000	,-45.000000	,392.000000	,-213.500000	,-110.500000	,-157.000000	,-607.500000	,-412.500000	,-577.500000	,-178.500000	,-63.000000	,6.000000	,-85.500000	,-85.500000	,9.000000	,-78.000000	,-27.000000	,-152.500000	,178.500000	,116.000000	,
-112.000000	,-123.000000	,-210.000000	,-126.000000	,-219.000000	,99.500000	,9.500000	,-11.500000	,22.500000	,-189.500000	,164.000000	,40.000000	,402.500000	,300.500000	,282.500000	,-10.000000	,-161.000000	,-217.500000	,-42.000000	,-42.000000	,-93.000000	,-153.000000	,-40.000000	,-163.500000	,-119.000000	,-315.500000	,11.000000	,272.500000	,771.500000	,434.000000	,263.000000	,-112.000000	,-46.500000	,21.500000	,67.000000	,365.000000	,359.000000	,296.500000	,192.500000	,-161.500000	,-122.500000	,-245.500000	,-129.500000	,50.500000	,-77.000000	,-64.000000	,91.000000	,6.500000	,214.500000	,14.500000	,439.500000	,332.500000	,190.500000	,-12.000000	,-411.000000	,-125.500000	,-274.000000	,-233.500000	,-330.500000	,9.000000	,-26.000000	,-145.500000	,-342.000000	,-927.500000	,-753.500000	,-709.500000	,-570.000000	,-35.000000	,-294.500000	,-44.500000	,-273.000000	,-344.500000	,-485.000000	,-300.500000	,-367.500000	,-63.000000	,-47.500000	,251.500000	,-24.000000	,-92.000000	,-283.000000	,-465.500000	,-316.500000	,-269.500000	,-140.000000	,181.500000	,363.000000	,897.500000	,491.000000	,341.000000	,204.500000	,28.000000	,137.500000	,65.000000	,195.000000	,286.500000	,264.000000	,260.000000	,430.500000	,303.000000	,-150.500000	,-70.000000	,-767.000000	,-586.500000	,-822.000000	,-932.500000	,-690.000000	,-427.500000	,-63.500000	,-134.000000	,82.500000	,14.000000	,53.000000	,-76.500000	,-106.500000	,-71.000000	,36.500000	,-20.500000	,-12.500000	,-160.500000	,-10.500000	,-232.500000	,-174.000000	,-207.000000	,-301.500000	,-376.500000	,-117.000000	,-21.000000	,343.500000	,121.500000	,204.000000	,31.000000	,-23.000000	,50.500000	,-301.500000	,-214.500000	,-382.500000	,-330.500000	,-153.500000	,-6.500000	,364.500000	,152.000000	,-22.500000	,-12.000000	,-131.500000	,196.500000	,-86.500000	,258.500000	,-8.000000	,-246.000000	,-487.000000	,-676.000000	,-37.500000	,-74.500000	,-36.500000	,-144.000000	,-23.000000	,-57.500000	,333.500000	,575.500000	,608.500000	,416.000000	,264.500000	,125.000000	,-152.500000	,-170.500000	,-157.500000	,-96.500000	,48.000000	,175.500000	,234.500000	,577.000000	,556.500000	,945.000000	,763.500000	,289.500000	,404.000000	,181.000000	,94.500000	,-115.000000	,-249.000000	,-376.500000	,-107.500000	,42.500000	,270.500000	,60.500000	,-196.500000	,-302.000000	,-8.000000	,177.000000	,193.000000	,-24.000000	,-444.000000	,-449.500000	,-31.500000	,371.000000	,575.000000	,435.500000	,525.500000	,144.500000	,299.000000	,120.000000	,204.000000	,-60.500000	,132.500000	,-25.500000	,131.500000	,-232.500000	,-98.000000	,-136.500000	,151.000000	,23.500000	,227.000000	,257.500000	,177.500000	,400.500000	,335.500000	,254.000000	,-71.000000	,-202.000000	,-180.500000	,-107.500000	,50.500000	,-47.000000	,104.500000	,-161.500000	,-196.500000	,326.000000	,593.500000	,955.500000	,311.500000	,103.500000	,-147.000000	,-97.500000	,-247.500000	,-275.500000	,-58.500000	,-114.000000	,2.500000	,-64.000000	,
-177.500000	,-65.500000	,-376.500000	,-12.000000	,-127.000000	,-82.000000	,46.500000	,58.500000	,200.500000	,190.500000	,122.500000	,-51.000000	,-157.500000	,100.000000	,90.500000	,320.000000	,-104.500000	,125.500000	,-13.500000	,207.500000	,232.000000	,224.500000	,203.500000	,-245.500000	,63.500000	,-174.000000	,-59.500000	,-210.500000	,151.000000	,104.500000	,-168.000000	,-468.500000	,-263.500000	,146.000000	,258.000000	,201.000000	,53.000000	,-195.000000	,-266.500000	,-235.000000	,-116.000000	,-187.000000	,-76.500000	,69.000000	,296.000000	,178.000000	,137.000000	,28.000000	,-171.500000	,-42.500000	,-4.000000	,113.500000	,-95.500000	,-196.000000	,-162.500000	,-395.500000	,-315.500000	,-368.000000	,-258.500000	,-200.500000	,-510.500000	,-457.000000	,-627.000000	,-496.000000	,-35.000000	,-146.000000	,136.500000	,-153.000000	,37.500000	,7.500000	,-53.000000	,-12.500000	,-226.500000	,-289.000000	,-193.000000	,-410.000000	,-229.000000	,-353.500000	,-213.000000	,36.500000	,-80.500000	,190.500000	,283.500000	,234.000000	,28.000000	,324.500000	,597.000000	,530.000000	,159.000000	,155.500000	,117.000000	,-40.000000	,-0.500000	,73.000000	,361.500000	,302.000000	,75.000000	,148.500000	,48.000000	,-352.500000	,-400.000000	,95.000000	,222.000000	,319.500000	,-564.000000	,-902.500000	,-996.500000	,-1182.500000	,-975.500000	,-735.500000	,-269.500000	,80.000000	,32.500000	,-78.000000	,-64.500000	,-228.000000	,-142.500000	,-140.500000	,-43.000000	,22.500000	,-53.000000	,114.500000	,100.500000	,187.500000	,93.000000	,157.000000	,-7.500000	,-29.000000	,73.000000	,-206.500000	,-106.500000	,-286.500000	,-30.500000	,-14.000000	,43.000000	,173.500000	,400.000000	,997.000000	,850.000000	,534.500000	,29.500000	,66.000000	,-71.000000	,-137.000000	,31.000000	,-65.000000	,3.000000	,-332.500000	,-194.500000	,-232.000000	,-762.000000	,-499.000000	,-744.500000	,-224.500000	,-141.500000	,-162.500000	,-199.500000	,-131.000000	,-314.000000	,-217.500000	,-358.500000	,17.500000	,-115.000000	,233.500000	,170.000000	,289.500000	,-23.500000	,-62.500000	,-294.500000	,-121.500000	,-373.000000	,-310.000000	,132.000000	,838.000000	,890.500000	,745.000000	,285.000000	,-70.000000	,-78.500000	,-306.500000	,54.000000	,-1.000000	,-45.000000	,22.000000	,56.500000	,231.000000	,-175.000000	,17.000000	,2.500000	,516.000000	,429.000000	,-47.500000	,-31.500000	,-28.500000	,216.000000	,-9.000000	,-218.500000	,-390.000000	,-26.500000	,267.000000	,382.000000	,319.500000	,65.000000	,-113.500000	,154.000000	,235.000000	,153.000000	,135.000000	,-447.000000	,-443.500000	,-146.000000	,47.000000	,492.000000	,57.000000	,-12.000000	,-715.500000	,-780.000000	,-560.500000	,-319.000000	,123.000000	,-136.500000	,6.000000	,-7.500000	,67.000000	,130.000000	,420.000000	,20.500000	,295.000000	,-342.500000	,-42.000000	,-133.500000	,-24.000000	,45.000000	,-46.500000	,18.500000	,-60.500000	,56.500000	,29.000000	,-58.500000	,-64.000000	,
-216.500000	,38.000000	,-14.500000	,210.000000	,54.000000	,20.500000	,-53.000000	,28.000000	,3.000000	,181.500000	,18.500000	,132.000000	,-37.000000	,-129.000000	,-123.000000	,-452.000000	,-327.500000	,-124.000000	,39.500000	,225.000000	,180.500000	,112.000000	,-12.000000	,315.500000	,195.000000	,477.500000	,146.000000	,-193.000000	,-566.000000	,-296.500000	,-32.000000	,-116.000000	,46.000000	,-155.500000	,112.500000	,-179.000000	,-29.000000	,-41.500000	,174.500000	,272.000000	,17.500000	,-103.500000	,-198.500000	,45.500000	,-29.000000	,76.000000	,-104.500000	,-349.500000	,-240.500000	,-300.000000	,-23.000000	,-210.000000	,-142.000000	,-145.500000	,-80.500000	,-28.500000	,47.500000	,279.500000	,-118.000000	,-417.500000	,-914.000000	,-363.500000	,-134.500000	,168.000000	,200.000000	,227.500000	,354.500000	,183.500000	,329.000000	,301.000000	,393.500000	,267.500000	,146.000000	,98.000000	,305.000000	,369.000000	,-72.000000	,-213.000000	,-173.000000	,-36.000000	,-28.000000	,20.500000	,160.500000	,329.500000	,548.500000	,617.000000	,609.000000	,224.000000	,245.500000	,373.500000	,336.000000	,-66.000000	,-177.000000	,-322.500000	,-289.500000	,-226.500000	,-171.000000	,229.500000	,-263.000000	,-547.500000	,-574.500000	,-547.500000	,-43.000000	,-464.000000	,-79.500000	,-21.000000	,-223.500000	,-643.500000	,-1293.000000	,-809.500000	,-763.000000	,-442.000000	,-492.000000	,-127.500000	,36.500000	,-78.500000	,-53.000000	,-164.000000	,-149.500000	,-124.000000	,-249.500000	,-223.500000	,-127.500000	,-200.500000	,58.500000	,275.000000	,78.500000	,-283.000000	,-414.000000	,-157.000000	,151.500000	,114.000000	,158.000000	,100.000000	,-147.500000	,-388.500000	,-108.500000	,317.000000	,433.000000	,-16.500000	,-278.500000	,-321.500000	,85.500000	,-10.500000	,-387.500000	,-310.000000	,-632.500000	,-216.500000	,-9.500000	,69.000000	,4.000000	,-603.500000	,-827.500000	,-953.500000	,-223.500000	,185.500000	,174.500000	,562.500000	,187.000000	,-188.000000	,-226.500000	,-75.500000	,-32.000000	,-180.000000	,-129.500000	,-215.000000	,175.000000	,-15.500000	,368.000000	,158.500000	,234.500000	,66.000000	,208.000000	,56.500000	,459.000000	,840.000000	,978.000000	,1017.500000	,592.000000	,408.500000	,307.500000	,374.500000	,353.000000	,251.500000	,-197.000000	,-157.000000	,-170.500000	,101.500000	,196.000000	,-182.000000	,-16.000000	,-149.000000	,332.500000	,195.000000	,-16.000000	,-301.000000	,-351.000000	,-192.000000	,61.000000	,-283.000000	,-452.000000	,-325.500000	,-343.500000	,-86.500000	,-227.000000	,-304.500000	,-242.500000	,156.000000	,61.000000	,130.500000	,-126.000000	,-33.500000	,-265.000000	,-367.500000	,-115.500000	,103.500000	,435.500000	,413.000000	,327.500000	,136.000000	,307.500000	,156.000000	,355.500000	,314.000000	,291.500000	,458.500000	,445.000000	,353.500000	,300.000000	,-40.500000	,104.000000	,-44.500000	,26.000000	,18.500000	,196.000000	,252.000000	,115.000000	,33.500000	,-124.500000	,-130.000000	,
123.000000	,110.500000	,266.500000	,-9.000000	,249.500000	,-37.500000	,42.000000	,-263.000000	,-40.500000	,-76.500000	,138.000000	,1.500000	,-0.500000	,-407.500000	,-228.500000	,-276.500000	,65.000000	,285.500000	,103.500000	,-62.000000	,-176.500000	,-186.000000	,-27.000000	,-274.500000	,-226.500000	,-132.000000	,316.000000	,192.000000	,276.500000	,-223.500000	,387.500000	,265.000000	,401.000000	,-56.000000	,-157.500000	,-216.500000	,-79.000000	,111.500000	,210.500000	,232.000000	,86.000000	,59.500000	,-90.000000	,-20.500000	,-168.500000	,165.500000	,-133.000000	,122.000000	,113.000000	,183.000000	,176.500000	,-3.500000	,137.000000	,153.000000	,295.000000	,234.000000	,-68.500000	,-322.500000	,-641.000000	,-240.500000	,-533.000000	,-353.000000	,-437.500000	,-194.500000	,-255.500000	,157.000000	,-363.500000	,-173.500000	,-246.500000	,-23.500000	,208.000000	,176.500000	,235.500000	,-139.500000	,-85.000000	,-39.000000	,167.000000	,121.000000	,59.500000	,136.000000	,525.000000	,99.500000	,195.500000	,-26.000000	,507.500000	,469.500000	,278.500000	,66.000000	,-108.500000	,-28.000000	,7.500000	,304.500000	,277.500000	,443.500000	,453.500000	,284.500000	,-24.000000	,-62.500000	,-610.500000	,-182.500000	,-580.000000	,-197.000000	,-214.500000	,63.000000	,355.500000	,97.000000	,223.000000	,107.000000	,592.500000	,500.500000	,134.000000	,-74.500000	,-384.500000	,-665.500000	,-481.000000	,-376.500000	,-129.000000	,-141.000000	,2.000000	,-274.500000	,-580.500000	,-916.000000	,-975.000000	,-612.500000	,-579.000000	,-645.500000	,-888.000000	,-1323.000000	,-706.000000	,-530.500000	,20.000000	,176.000000	,-142.000000	,-211.000000	,-357.500000	,-35.000000	,165.500000	,-72.500000	,-73.000000	,-140.000000	,49.500000	,129.500000	,149.500000	,-240.500000	,-306.500000	,-401.000000	,49.000000	,192.000000	,320.000000	,398.500000	,446.000000	,198.000000	,-213.000000	,-525.000000	,-393.000000	,16.000000	,345.000000	,199.500000	,146.000000	,-40.000000	,189.500000	,-137.000000	,5.000000	,-567.000000	,-312.000000	,-291.500000	,-36.500000	,-99.500000	,-151.000000	,-309.000000	,-28.000000	,92.500000	,-60.000000	,-249.500000	,-161.000000	,-190.500000	,502.500000	,663.500000	,973.500000	,466.500000	,410.500000	,149.500000	,183.500000	,158.000000	,144.500000	,199.500000	,125.000000	,305.000000	,85.500000	,-119.000000	,-533.500000	,-340.000000	,-20.000000	,134.000000	,273.500000	,321.500000	,279.000000	,120.000000	,-492.000000	,-383.500000	,-418.000000	,316.000000	,179.500000	,262.500000	,-172.500000	,-54.000000	,-350.000000	,-80.500000	,225.000000	,179.500000	,310.000000	,135.500000	,-213.000000	,49.500000	,233.000000	,35.500000	,317.000000	,-254.000000	,358.500000	,77.500000	,177.500000	,-178.000000	,-239.500000	,-141.000000	,-254.000000	,-425.000000	,454.500000	,355.500000	,488.500000	,-26.000000	,-108.000000	,-191.000000	,-10.500000	,28.000000	,55.500000	,128.000000	,-101.000000	,-122.000000	,-91.500000	,-130.000000	,
-327.000000	,-609.500000	,-270.500000	,-267.000000	,-82.500000	,-90.000000	,-37.500000	,-81.000000	,-91.500000	,-42.500000	,37.500000	,66.500000	,-65.000000	,-64.000000	,23.000000	,464.000000	,421.500000	,310.000000	,128.500000	,86.000000	,-71.500000	,-65.000000	,-251.500000	,18.000000	,94.500000	,-76.500000	,-67.500000	,91.000000	,216.500000	,443.500000	,109.500000	,274.500000	,-211.500000	,-5.000000	,-331.000000	,-61.500000	,46.000000	,-45.500000	,299.000000	,104.000000	,106.500000	,19.000000	,136.000000	,95.000000	,295.500000	,170.000000	,457.000000	,377.000000	,298.000000	,-81.500000	,-326.500000	,-422.000000	,-64.000000	,-245.500000	,-431.000000	,-955.500000	,-1390.000000	,-1239.500000	,-1071.000000	,-339.000000	,142.000000	,627.000000	,519.500000	,53.500000	,-316.000000	,-470.500000	,-163.500000	,47.500000	,266.000000	,34.000000	,-281.500000	,-441.500000	,-395.000000	,-205.000000	,-171.000000	,-51.500000	,-11.500000	,80.000000	,-198.500000	,131.500000	,107.500000	,537.500000	,188.000000	,484.500000	,195.500000	,20.000000	,215.500000	,4.500000	,365.000000	,196.000000	,204.000000	,161.000000	,-71.000000	,-134.500000	,82.500000	,-106.500000	,-34.000000	,-280.500000	,-404.500000	,-67.000000	,-178.000000	,-236.000000	,-358.000000	,-383.000000	,-350.500000	,-391.000000	,-153.500000	,-92.500000	,-173.500000	,-35.000000	,-10.000000	,244.500000	,205.500000	,-53.000000	,-226.000000	,34.500000	,-186.500000	,129.000000	,-84.000000	,-515.500000	,-546.500000	,-1044.000000	,-976.000000	,-1149.500000	,-1286.000000	,-1541.000000	,-1206.000000	,-676.000000	,-29.000000	,-82.500000	,46.000000	,-30.500000	,-36.000000	,-157.500000	,309.000000	,421.000000	,274.000000	,162.000000	,367.500000	,174.000000	,299.500000	,105.500000	,-152.000000	,33.500000	,-5.500000	,349.500000	,471.500000	,466.500000	,192.000000	,174.500000	,216.000000	,421.500000	,465.500000	,-97.000000	,-395.500000	,-771.500000	,-289.500000	,-248.000000	,-194.500000	,-221.000000	,-27.000000	,-336.000000	,-5.000000	,-121.500000	,175.000000	,12.000000	,45.500000	,-76.000000	,-7.500000	,-26.000000	,-30.500000	,203.500000	,-24.000000	,-139.500000	,-285.000000	,-172.500000	,-132.000000	,20.500000	,212.000000	,173.500000	,652.500000	,118.000000	,-53.000000	,-338.500000	,-148.000000	,-109.500000	,-286.500000	,-128.500000	,-323.500000	,20.500000	,-35.500000	,274.000000	,10.000000	,294.000000	,60.500000	,194.500000	,-43.500000	,-186.500000	,-104.500000	,-74.500000	,200.500000	,99.000000	,137.000000	,-53.000000	,-58.500000	,-187.500000	,85.500000	,-50.000000	,565.500000	,283.000000	,249.500000	,-446.500000	,-8.500000	,12.500000	,166.000000	,25.000000	,-125.500000	,67.500000	,59.000000	,252.000000	,-24.500000	,56.500000	,53.000000	,62.500000	,111.500000	,248.500000	,417.000000	,129.000000	,164.000000	,109.000000	,178.000000	,76.000000	,31.000000	,-44.000000	,-49.000000	,5.500000	,-230.000000	,20.500000	,-253.000000	,-47.000000	,
-227.000000	,-57.000000	,-80.500000	,66.500000	,-141.500000	,7.500000	,16.500000	,81.500000	,-47.500000	,-88.000000	,-28.500000	,22.500000	,101.000000	,207.000000	,346.000000	,168.000000	,124.500000	,-45.500000	,349.000000	,410.500000	,379.500000	,6.000000	,97.500000	,19.500000	,64.000000	,-296.000000	,-451.500000	,-148.500000	,-221.500000	,43.000000	,126.500000	,-269.500000	,-283.500000	,-456.500000	,-466.500000	,-99.000000	,-218.500000	,144.000000	,-110.000000	,-25.000000	,-204.000000	,98.000000	,229.500000	,263.500000	,-113.000000	,-400.000000	,-326.500000	,-425.500000	,7.000000	,1.500000	,161.500000	,157.000000	,78.000000	,-44.500000	,-568.500000	,-566.500000	,-606.500000	,-175.500000	,89.500000	,-56.500000	,44.500000	,-55.500000	,427.000000	,364.500000	,501.000000	,254.500000	,400.500000	,303.000000	,246.000000	,-19.000000	,-97.500000	,-124.000000	,11.000000	,391.000000	,265.000000	,259.000000	,122.000000	,319.000000	,311.500000	,307.000000	,-122.000000	,106.000000	,235.500000	,543.500000	,567.500000	,590.500000	,408.000000	,361.500000	,-20.500000	,35.500000	,-76.000000	,-247.000000	,-89.500000	,189.500000	,257.000000	,134.500000	,-118.000000	,-361.000000	,25.500000	,-54.000000	,385.500000	,361.000000	,232.000000	,-113.000000	,-1.500000	,-50.500000	,81.500000	,-81.000000	,210.500000	,339.500000	,560.500000	,199.500000	,476.500000	,426.000000	,563.500000	,321.000000	,-127.500000	,-190.000000	,-280.500000	,169.000000	,391.500000	,102.500000	,-43.500000	,-369.500000	,-265.000000	,-75.500000	,66.000000	,236.500000	,-47.000000	,-472.000000	,-522.500000	,-579.500000	,-381.500000	,-155.500000	,160.500000	,-97.500000	,-435.500000	,-404.500000	,-529.000000	,132.000000	,293.500000	,197.000000	,-166.500000	,-219.500000	,158.000000	,185.500000	,114.000000	,-189.500000	,-284.000000	,-150.000000	,35.500000	,296.000000	,199.000000	,468.000000	,-422.000000	,-496.500000	,-952.500000	,-567.000000	,-190.500000	,190.500000	,44.000000	,494.000000	,7.500000	,473.000000	,76.500000	,516.000000	,220.500000	,240.500000	,385.500000	,377.000000	,596.000000	,641.500000	,418.500000	,362.000000	,420.500000	,365.000000	,60.000000	,320.500000	,209.000000	,612.500000	,750.000000	,574.500000	,681.000000	,269.500000	,239.500000	,-106.500000	,129.500000	,-240.000000	,86.000000	,-228.500000	,107.000000	,212.000000	,140.000000	,366.000000	,-232.500000	,-305.000000	,-15.500000	,7.500000	,390.000000	,-30.500000	,-173.500000	,-479.500000	,-45.500000	,-87.500000	,100.500000	,-3.500000	,179.500000	,257.500000	,-87.000000	,-24.000000	,-422.500000	,30.000000	,-187.500000	,-147.500000	,-148.000000	,-158.000000	,102.500000	,-13.000000	,-323.000000	,-263.000000	,35.000000	,273.000000	,243.500000	,171.500000	,-102.000000	,416.500000	,536.500000	,322.500000	,-21.000000	,-161.000000	,-235.000000	,-175.500000	,-101.500000	,-80.000000	,-190.500000	,-136.500000	,138.000000	,235.500000	,139.500000	,-122.500000	,
386.000000	,766.500000	,412.000000	,214.500000	,-6.000000	,202.500000	,161.500000	,216.000000	,189.000000	,86.000000	,18.000000	,65.500000	,275.000000	,318.000000	,-103.000000	,-224.000000	,-408.000000	,-376.500000	,-138.000000	,-522.000000	,-264.500000	,-254.000000	,82.000000	,88.000000	,-55.000000	,24.000000	,-104.000000	,-28.000000	,50.000000	,-289.500000	,-116.000000	,-10.000000	,37.500000	,-30.500000	,-5.500000	,-194.000000	,12.000000	,227.000000	,-27.500000	,-137.500000	,-198.000000	,4.000000	,49.000000	,94.000000	,-257.500000	,-193.500000	,-222.000000	,-92.500000	,172.500000	,334.000000	,155.000000	,-11.000000	,-370.000000	,-695.500000	,-586.500000	,-204.500000	,145.000000	,37.500000	,182.000000	,56.000000	,-60.000000	,-447.500000	,-768.000000	,-548.500000	,46.500000	,46.000000	,183.500000	,-68.000000	,217.500000	,160.000000	,139.500000	,307.500000	,148.500000	,232.000000	,-160.000000	,-269.000000	,36.500000	,-26.500000	,63.500000	,-440.500000	,-85.000000	,480.500000	,582.500000	,620.000000	,44.000000	,11.500000	,-346.000000	,-179.000000	,-264.500000	,-322.000000	,-297.500000	,-299.000000	,-184.000000	,-395.000000	,58.000000	,-235.500000	,-107.000000	,-500.000000	,-182.000000	,-291.500000	,-285.000000	,-411.000000	,67.000000	,-6.000000	,250.000000	,116.000000	,35.000000	,-108.000000	,69.500000	,-203.000000	,-23.500000	,-368.500000	,-37.500000	,-141.000000	,41.500000	,170.500000	,233.500000	,239.500000	,-46.000000	,-171.000000	,1.000000	,173.000000	,162.500000	,-36.000000	,189.000000	,-60.500000	,464.500000	,-5.500000	,-207.000000	,-392.000000	,-823.000000	,-192.000000	,-402.500000	,-226.000000	,-276.000000	,-50.000000	,66.000000	,-19.500000	,291.500000	,507.000000	,394.500000	,366.000000	,31.500000	,174.500000	,177.500000	,-198.500000	,-18.000000	,-243.500000	,53.500000	,71.000000	,-29.500000	,-36.500000	,-41.500000	,-22.000000	,-111.500000	,-626.500000	,-543.500000	,-704.500000	,96.000000	,200.000000	,195.500000	,-293.500000	,-332.500000	,-177.500000	,-343.000000	,-209.000000	,-270.000000	,82.000000	,77.000000	,-72.500000	,-37.000000	,-94.000000	,0.000000	,47.000000	,256.000000	,144.500000	,52.500000	,-83.500000	,-87.500000	,-55.500000	,-145.000000	,481.500000	,853.500000	,1074.000000	,1038.500000	,360.000000	,251.500000	,-100.500000	,-22.500000	,57.500000	,50.500000	,-140.500000	,-314.500000	,-346.500000	,-369.000000	,-505.000000	,-203.000000	,8.000000	,-62.000000	,73.000000	,53.000000	,233.000000	,-16.500000	,125.000000	,-48.500000	,26.500000	,-228.500000	,-351.500000	,-467.000000	,-282.000000	,-182.000000	,301.000000	,112.500000	,333.500000	,-74.500000	,212.500000	,34.000000	,-182.500000	,-372.000000	,-24.000000	,-238.000000	,-111.500000	,-305.000000	,-104.000000	,-152.000000	,101.500000	,-151.500000	,293.500000	,17.500000	,-72.500000	,-237.000000	,-300.000000	,-176.500000	,-20.000000	,145.500000	,-14.000000	,165.500000	,131.500000	,269.000000	,40.000000	,
136.000000	,123.500000	,77.500000	,-127.500000	,79.000000	,53.500000	,64.000000	,-147.000000	,-139.500000	,-62.000000	,-56.000000	,106.000000	,-13.500000	,-196.500000	,-461.000000	,-144.500000	,-189.500000	,197.000000	,-98.500000	,-144.500000	,-349.500000	,-74.500000	,-213.000000	,58.500000	,304.000000	,206.500000	,180.500000	,-38.000000	,160.000000	,62.500000	,238.500000	,184.000000	,154.500000	,-101.500000	,-0.500000	,-184.000000	,140.000000	,-56.500000	,251.000000	,-55.500000	,379.500000	,31.000000	,39.000000	,-249.000000	,161.000000	,233.500000	,242.000000	,277.000000	,-146.500000	,-363.000000	,-905.500000	,-1140.000000	,-954.500000	,-840.000000	,-250.500000	,-148.500000	,75.500000	,220.000000	,166.500000	,505.500000	,23.500000	,147.500000	,-94.000000	,17.500000	,-34.000000	,-40.000000	,71.000000	,98.500000	,152.500000	,-43.500000	,2.000000	,-199.000000	,131.500000	,0.500000	,-290.500000	,-157.000000	,4.500000	,212.500000	,201.000000	,586.000000	,925.000000	,709.500000	,371.000000	,119.500000	,-148.500000	,-133.000000	,-199.000000	,-114.500000	,-255.500000	,-340.500000	,-282.500000	,-271.000000	,-145.000000	,-339.500000	,-114.000000	,62.000000	,-289.000000	,-574.500000	,-766.000000	,-444.000000	,-343.000000	,-118.500000	,23.500000	,68.500000	,171.000000	,-31.000000	,-73.500000	,-15.500000	,117.500000	,-81.500000	,-67.000000	,-88.500000	,-125.500000	,-100.500000	,-134.500000	,-202.000000	,49.500000	,118.000000	,1.500000	,-429.500000	,-183.000000	,-82.500000	,124.000000	,85.000000	,32.000000	,10.000000	,-137.000000	,-178.000000	,-302.000000	,16.000000	,-106.000000	,283.000000	,272.500000	,162.000000	,-128.500000	,392.000000	,383.500000	,625.500000	,556.500000	,294.500000	,175.000000	,429.500000	,577.500000	,278.000000	,-164.500000	,-30.000000	,-369.500000	,55.000000	,46.500000	,-221.500000	,-239.500000	,-515.500000	,-314.000000	,-115.000000	,182.000000	,382.500000	,-117.000000	,-112.000000	,-580.000000	,-90.500000	,133.000000	,175.000000	,159.000000	,-164.500000	,-133.000000	,-134.500000	,26.000000	,47.000000	,204.000000	,-69.500000	,-250.000000	,-531.500000	,-216.000000	,-215.500000	,-14.000000	,-154.500000	,-35.500000	,-145.000000	,-166.000000	,157.500000	,347.000000	,596.000000	,404.500000	,877.500000	,476.500000	,732.000000	,-46.500000	,-99.500000	,-157.000000	,-142.500000	,378.500000	,45.000000	,-237.500000	,-449.000000	,-22.500000	,246.500000	,295.000000	,193.000000	,48.000000	,-192.500000	,-104.500000	,-193.500000	,-167.500000	,-124.000000	,-289.000000	,-244.000000	,-185.500000	,-13.500000	,65.500000	,-124.500000	,-142.500000	,-288.500000	,-352.000000	,-2.000000	,155.000000	,-2.000000	,38.000000	,-431.000000	,-296.500000	,-233.000000	,221.500000	,123.500000	,39.000000	,-130.500000	,-307.500000	,152.000000	,-245.500000	,10.000000	,-64.000000	,106.000000	,225.000000	,369.000000	,181.500000	,148.000000	,40.500000	,170.000000	,-59.500000	,85.000000	,23.000000	,-20.000000	,
-124.000000	,-246.500000	,-105.500000	,-281.000000	,-38.500000	,-83.500000	,-122.500000	,-170.500000	,-287.000000	,-261.500000	,-296.500000	,-184.500000	,-102.500000	,-9.000000	,113.500000	,24.000000	,-5.000000	,-187.500000	,-97.000000	,29.000000	,-16.000000	,130.500000	,-260.500000	,-122.000000	,13.000000	,25.500000	,-48.000000	,46.000000	,58.500000	,-69.000000	,-108.500000	,-155.500000	,166.000000	,433.500000	,493.000000	,322.000000	,-75.000000	,32.000000	,66.500000	,272.500000	,220.500000	,104.000000	,-144.000000	,69.500000	,-3.000000	,112.500000	,-186.500000	,-169.000000	,-329.000000	,-1037.000000	,-950.000000	,-647.500000	,-74.500000	,-77.500000	,-163.500000	,-341.500000	,-370.000000	,-162.000000	,-104.500000	,-98.000000	,-115.000000	,-115.500000	,-243.500000	,-95.500000	,-778.500000	,-390.500000	,-454.500000	,-418.000000	,-651.500000	,-483.500000	,-154.000000	,-75.000000	,153.500000	,18.500000	,168.500000	,455.000000	,291.000000	,155.500000	,283.500000	,807.500000	,600.500000	,198.500000	,12.500000	,-129.500000	,111.000000	,-207.500000	,117.500000	,-78.500000	,0.500000	,294.500000	,-95.500000	,204.000000	,-22.500000	,141.000000	,-148.500000	,-322.000000	,-440.500000	,-123.000000	,-189.000000	,-31.500000	,-6.000000	,118.000000	,-223.000000	,-439.500000	,-700.000000	,-221.000000	,-407.000000	,68.500000	,77.000000	,-176.500000	,-227.500000	,-8.000000	,30.500000	,-60.500000	,-394.000000	,-256.000000	,-200.500000	,-332.500000	,-118.000000	,-272.000000	,-170.500000	,-207.000000	,-183.000000	,153.500000	,-158.500000	,-62.500000	,-445.500000	,-173.000000	,57.000000	,359.500000	,338.000000	,377.500000	,313.500000	,292.000000	,283.000000	,-72.000000	,20.000000	,-395.000000	,-159.500000	,-140.000000	,114.500000	,92.500000	,5.000000	,54.000000	,-15.500000	,273.000000	,-95.000000	,236.500000	,-56.500000	,-222.000000	,-335.500000	,-223.500000	,-426.000000	,-165.000000	,-105.000000	,10.500000	,-226.000000	,-678.500000	,-548.500000	,-582.000000	,-15.000000	,353.000000	,307.500000	,101.000000	,-89.000000	,174.500000	,134.000000	,-15.500000	,7.000000	,107.000000	,81.000000	,40.500000	,-152.500000	,-22.500000	,-313.000000	,-121.500000	,-114.000000	,-121.000000	,-234.500000	,49.000000	,-47.500000	,-19.000000	,-56.500000	,-25.500000	,37.500000	,170.500000	,516.500000	,570.500000	,187.500000	,-40.500000	,114.500000	,175.000000	,290.000000	,9.000000	,222.000000	,105.500000	,296.500000	,68.500000	,338.000000	,359.500000	,70.000000	,-247.500000	,-206.500000	,8.500000	,-147.000000	,12.000000	,193.500000	,202.500000	,112.500000	,-71.000000	,-51.500000	,-309.500000	,-254.000000	,-68.000000	,-123.500000	,-270.000000	,-114.500000	,12.000000	,301.000000	,49.500000	,29.500000	,-250.000000	,172.000000	,283.500000	,399.500000	,482.000000	,235.000000	,-11.000000	,-63.500000	,-307.500000	,25.500000	,24.000000	,255.000000	,52.500000	,43.500000	,43.500000	,66.000000	,0.000000	,29.000000	,-29.000000	,
-97.000000	,-104.500000	,47.000000	,19.500000	,50.500000	,78.500000	,47.000000	,171.000000	,37.000000	,-39.500000	,-54.000000	,-131.000000	,-66.500000	,221.000000	,324.000000	,529.500000	,358.000000	,40.000000	,205.500000	,378.000000	,431.000000	,366.000000	,-13.500000	,162.000000	,-40.000000	,208.500000	,145.500000	,257.500000	,4.000000	,144.500000	,129.500000	,140.500000	,187.000000	,119.500000	,245.000000	,84.500000	,180.000000	,116.000000	,9.000000	,-265.000000	,-395.500000	,1.000000	,241.500000	,277.000000	,99.500000	,-88.500000	,-292.000000	,-753.000000	,-915.000000	,-430.000000	,-322.500000	,23.000000	,-194.000000	,66.000000	,-42.000000	,232.000000	,265.000000	,316.000000	,-79.500000	,75.500000	,131.500000	,159.500000	,57.000000	,-474.500000	,-81.000000	,-22.500000	,99.500000	,223.000000	,-11.500000	,270.000000	,-151.500000	,-207.000000	,-252.000000	,-181.500000	,-173.500000	,-65.500000	,-206.000000	,-292.000000	,6.000000	,-328.000000	,-171.000000	,-260.000000	,-193.500000	,-349.000000	,-371.000000	,-505.500000	,-101.000000	,-161.000000	,164.000000	,189.000000	,243.500000	,233.500000	,294.500000	,103.500000	,-360.500000	,-617.500000	,-598.000000	,-68.500000	,156.000000	,359.500000	,144.000000	,-32.000000	,-4.000000	,146.000000	,293.500000	,69.500000	,89.500000	,181.500000	,562.000000	,595.500000	,477.500000	,209.000000	,147.500000	,101.500000	,424.500000	,375.500000	,456.500000	,442.000000	,288.000000	,163.000000	,162.000000	,22.500000	,217.000000	,201.500000	,182.000000	,407.000000	,193.000000	,271.000000	,167.000000	,135.500000	,-238.500000	,-298.500000	,60.000000	,-64.000000	,58.500000	,-554.000000	,-70.500000	,-437.500000	,-122.500000	,-27.500000	,161.000000	,853.500000	,515.000000	,166.500000	,18.500000	,-473.500000	,19.500000	,-294.500000	,209.500000	,149.500000	,299.000000	,215.000000	,-269.000000	,-369.500000	,1.500000	,-312.000000	,315.000000	,-169.500000	,-315.000000	,-681.500000	,-872.500000	,-579.000000	,11.500000	,-5.500000	,236.000000	,68.000000	,26.500000	,-230.000000	,-339.000000	,-313.000000	,250.000000	,281.500000	,338.000000	,-43.000000	,-69.000000	,-31.000000	,72.000000	,127.500000	,-208.000000	,-146.500000	,-441.500000	,-103.500000	,-65.000000	,-3.500000	,-145.500000	,-47.000000	,478.500000	,877.000000	,1134.500000	,1166.500000	,466.500000	,23.000000	,-211.000000	,32.500000	,53.500000	,-62.500000	,-64.500000	,-104.500000	,175.500000	,218.500000	,354.500000	,129.000000	,118.500000	,78.000000	,24.500000	,234.000000	,149.500000	,-350.500000	,20.000000	,61.000000	,183.000000	,-29.000000	,21.000000	,5.000000	,-143.500000	,-42.500000	,97.500000	,135.000000	,306.500000	,9.000000	,-256.500000	,-299.000000	,-127.000000	,378.000000	,592.500000	,573.000000	,382.500000	,-127.500000	,12.500000	,34.000000	,178.000000	,35.500000	,-97.000000	,-64.000000	,-145.500000	,-111.000000	,-249.000000	,-157.500000	,-99.500000	,-72.000000	,
3.000000	,292.000000	,219.500000	,339.500000	,147.500000	,-4.500000	,81.000000	,43.000000	,308.000000	,304.000000	,331.500000	,161.000000	,24.500000	,-121.000000	,205.000000	,82.500000	,-12.000000	,-56.000000	,-22.500000	,-48.000000	,63.000000	,-44.500000	,367.500000	,70.500000	,234.500000	,102.000000	,332.500000	,342.500000	,183.000000	,-97.000000	,-30.000000	,-311.000000	,-159.500000	,-566.000000	,-304.000000	,-553.500000	,-383.500000	,-488.500000	,-112.500000	,13.000000	,160.000000	,-103.000000	,-34.500000	,-200.000000	,-79.500000	,-445.000000	,-794.500000	,-729.000000	,-451.500000	,1.500000	,165.500000	,-116.000000	,-168.000000	,-88.500000	,156.500000	,263.500000	,419.500000	,-131.000000	,-245.000000	,-201.000000	,-72.000000	,365.000000	,406.000000	,534.000000	,451.500000	,129.000000	,171.000000	,-138.000000	,13.000000	,251.500000	,128.500000	,369.000000	,282.000000	,279.500000	,173.500000	,-203.000000	,114.500000	,717.000000	,339.500000	,253.000000	,-410.000000	,-139.000000	,-249.500000	,122.500000	,-158.000000	,35.500000	,37.500000	,155.000000	,217.000000	,155.000000	,355.000000	,282.000000	,235.500000	,-151.000000	,-535.000000	,-494.000000	,-347.500000	,-45.000000	,62.500000	,315.000000	,263.000000	,-53.500000	,-132.500000	,18.000000	,308.500000	,336.500000	,256.500000	,468.000000	,-96.000000	,189.000000	,189.500000	,125.000000	,-129.500000	,-170.500000	,-120.000000	,-213.000000	,-148.500000	,-293.000000	,106.500000	,-82.000000	,331.000000	,-130.500000	,-103.500000	,-241.000000	,43.500000	,261.000000	,358.000000	,70.000000	,-165.500000	,-820.500000	,-422.500000	,-536.500000	,89.000000	,22.000000	,-144.500000	,-117.000000	,129.500000	,257.500000	,241.500000	,265.500000	,65.500000	,129.500000	,144.000000	,433.500000	,190.000000	,-122.000000	,-26.000000	,-36.500000	,94.500000	,251.000000	,168.500000	,-41.500000	,-24.000000	,-304.000000	,10.000000	,-372.000000	,-33.000000	,111.500000	,118.000000	,-174.500000	,-667.000000	,-745.500000	,-324.500000	,-171.500000	,38.500000	,-233.000000	,-394.500000	,-291.500000	,-135.500000	,-104.000000	,-242.000000	,30.500000	,150.500000	,168.500000	,48.000000	,-237.000000	,-295.500000	,-41.500000	,292.500000	,126.000000	,-7.000000	,-186.500000	,-157.500000	,-31.000000	,241.000000	,447.500000	,755.000000	,542.500000	,589.500000	,697.000000	,619.000000	,338.000000	,141.500000	,182.000000	,614.000000	,197.000000	,365.000000	,272.000000	,199.500000	,135.500000	,35.500000	,-95.500000	,206.500000	,-51.000000	,275.500000	,-2.500000	,9.000000	,-199.500000	,-33.500000	,286.000000	,110.500000	,328.000000	,84.000000	,-148.500000	,-118.000000	,7.000000	,186.000000	,291.500000	,124.000000	,201.000000	,311.000000	,316.500000	,-22.000000	,169.000000	,331.500000	,156.000000	,68.000000	,-65.500000	,119.000000	,224.000000	,42.000000	,16.500000	,-220.500000	,-96.000000	,136.000000	,79.000000	,38.500000	,-114.000000	,-157.500000	,-112.000000	,
-19.500000	,34.500000	,49.500000	,-148.000000	,-189.000000	,-283.500000	,-97.500000	,-24.000000	,36.500000	,101.000000	,-157.000000	,-154.500000	,-211.500000	,117.000000	,216.000000	,159.000000	,-84.500000	,-128.500000	,-290.500000	,-221.500000	,-327.500000	,-8.500000	,-0.500000	,116.500000	,-186.500000	,-156.500000	,-407.000000	,-424.500000	,-387.000000	,-295.000000	,-139.000000	,17.000000	,84.000000	,367.500000	,258.000000	,38.000000	,-109.000000	,-293.000000	,-14.000000	,302.000000	,280.500000	,130.500000	,-272.500000	,-713.500000	,-1107.000000	,-1150.500000	,-966.000000	,-626.500000	,-115.000000	,-485.500000	,24.500000	,-50.000000	,287.500000	,131.500000	,269.000000	,86.000000	,-69.500000	,-378.500000	,-347.000000	,-362.000000	,-376.000000	,-588.500000	,8.000000	,365.000000	,557.500000	,162.500000	,-81.000000	,-256.500000	,-273.000000	,-163.000000	,55.000000	,107.500000	,-187.500000	,-267.000000	,-23.500000	,-5.000000	,850.000000	,583.000000	,720.500000	,500.500000	,417.500000	,190.500000	,354.000000	,318.500000	,367.000000	,440.000000	,-55.500000	,-159.000000	,-341.500000	,-136.000000	,-149.500000	,-162.500000	,81.000000	,33.500000	,-24.000000	,297.000000	,206.500000	,182.500000	,-251.500000	,-139.000000	,19.500000	,268.500000	,371.500000	,49.500000	,64.000000	,-303.000000	,-46.500000	,76.000000	,-64.500000	,15.000000	,-440.000000	,-191.000000	,-374.500000	,-60.500000	,-224.500000	,-324.500000	,-248.500000	,-322.000000	,-276.500000	,-366.500000	,-316.000000	,-232.500000	,128.000000	,-74.500000	,460.500000	,74.000000	,467.500000	,244.000000	,277.500000	,-68.000000	,107.000000	,83.500000	,-250.500000	,-177.500000	,-229.500000	,225.500000	,52.500000	,39.500000	,-376.000000	,-342.500000	,-227.000000	,-247.000000	,468.000000	,483.500000	,622.500000	,64.500000	,110.500000	,91.000000	,100.000000	,-513.000000	,-419.000000	,-366.500000	,-76.500000	,88.000000	,-219.000000	,10.500000	,-248.500000	,-51.500000	,-233.500000	,-236.000000	,-462.000000	,-475.000000	,-379.000000	,119.500000	,233.000000	,-19.500000	,-480.500000	,-317.500000	,1.000000	,35.500000	,-218.000000	,-236.000000	,-188.000000	,68.000000	,60.500000	,5.500000	,-62.000000	,-183.500000	,91.000000	,178.000000	,185.500000	,-20.500000	,-43.000000	,-76.000000	,168.000000	,-55.500000	,219.000000	,174.500000	,165.500000	,342.000000	,616.000000	,756.500000	,1052.000000	,539.500000	,365.000000	,210.500000	,162.000000	,63.000000	,-64.000000	,-247.500000	,-51.500000	,-66.000000	,-12.500000	,379.500000	,208.500000	,141.000000	,-55.000000	,114.000000	,164.500000	,22.000000	,93.000000	,-11.500000	,152.500000	,232.000000	,325.000000	,36.000000	,-252.500000	,-314.500000	,-182.000000	,202.500000	,84.000000	,-95.500000	,34.500000	,304.000000	,265.500000	,-31.000000	,-228.000000	,-347.500000	,-122.500000	,-33.000000	,36.500000	,-82.000000	,13.000000	,-67.500000	,0.000000	,126.500000	,132.000000	,42.000000	,2.500000	,-175.000000	,
-80.500000	,19.000000	,8.500000	,-126.500000	,-156.000000	,-175.500000	,-109.500000	,-25.500000	,-249.000000	,-175.500000	,-141.000000	,214.500000	,285.500000	,282.500000	,20.000000	,-14.000000	,-252.000000	,8.500000	,-388.500000	,228.000000	,165.000000	,193.500000	,-382.500000	,-512.500000	,-538.500000	,-384.500000	,-236.000000	,-51.500000	,281.000000	,362.000000	,418.500000	,197.500000	,-2.000000	,-158.500000	,-206.000000	,34.000000	,523.000000	,354.500000	,262.000000	,-55.500000	,-264.500000	,-356.500000	,-838.500000	,-879.500000	,-971.000000	,-555.500000	,-221.000000	,97.000000	,-180.000000	,186.500000	,-143.500000	,57.500000	,-216.500000	,72.500000	,-72.500000	,59.500000	,239.500000	,322.000000	,339.500000	,25.500000	,-66.000000	,-472.500000	,-502.000000	,-521.000000	,-223.000000	,-18.500000	,173.500000	,171.500000	,41.000000	,-35.500000	,-67.500000	,-316.500000	,-235.000000	,-235.000000	,239.500000	,794.000000	,521.000000	,415.000000	,-54.500000	,230.500000	,-23.500000	,197.500000	,187.500000	,-112.500000	,-43.000000	,-266.000000	,-99.000000	,164.000000	,-138.000000	,84.500000	,-135.500000	,-6.500000	,60.000000	,-389.500000	,16.500000	,-175.500000	,184.500000	,-41.000000	,105.500000	,-126.000000	,-38.000000	,-122.000000	,190.000000	,-89.000000	,-360.500000	,-525.500000	,-44.000000	,122.500000	,415.000000	,60.000000	,-14.500000	,-174.500000	,-205.500000	,30.500000	,61.500000	,136.000000	,-36.000000	,121.500000	,184.500000	,148.000000	,311.000000	,245.500000	,222.000000	,-165.500000	,88.500000	,-252.500000	,-4.500000	,104.500000	,268.500000	,238.000000	,230.500000	,95.500000	,20.500000	,10.000000	,133.500000	,192.000000	,209.500000	,132.500000	,163.000000	,-135.000000	,-170.500000	,-135.000000	,18.000000	,232.000000	,631.000000	,613.000000	,211.500000	,29.500000	,-370.000000	,-108.000000	,-8.500000	,201.500000	,185.000000	,409.000000	,103.500000	,522.500000	,100.000000	,55.000000	,-295.500000	,-502.500000	,-289.500000	,-477.000000	,-545.000000	,-789.500000	,-615.500000	,-203.000000	,494.000000	,313.000000	,292.500000	,20.500000	,-69.000000	,-219.500000	,-521.500000	,-132.500000	,101.500000	,492.000000	,422.000000	,195.000000	,224.500000	,91.000000	,340.500000	,30.000000	,11.500000	,56.000000	,-23.000000	,137.500000	,-119.000000	,-57.000000	,-302.500000	,-164.000000	,-13.000000	,491.000000	,915.000000	,665.500000	,511.000000	,13.000000	,-326.500000	,-340.000000	,-590.000000	,-272.500000	,23.000000	,285.500000	,457.500000	,188.500000	,-147.000000	,-84.000000	,86.500000	,49.500000	,84.000000	,-229.500000	,243.500000	,122.000000	,328.000000	,133.500000	,278.000000	,311.500000	,91.000000	,63.500000	,-98.000000	,-69.000000	,-39.000000	,173.500000	,275.500000	,322.000000	,-200.000000	,124.000000	,63.500000	,78.500000	,-131.000000	,-222.500000	,-351.500000	,6.000000	,-235.000000	,35.000000	,-189.000000	,21.000000	,-87.000000	,-13.000000	,-65.500000	,-120.500000	,
-174.000000	,-104.000000	,-36.500000	,213.500000	,220.500000	,208.500000	,14.000000	,-177.000000	,-8.000000	,-138.000000	,-46.000000	,-29.000000	,58.000000	,-31.500000	,-187.500000	,-165.000000	,-25.000000	,107.500000	,248.500000	,-2.000000	,-164.500000	,-562.000000	,-584.500000	,-246.000000	,-39.500000	,351.000000	,352.000000	,265.500000	,228.500000	,-112.000000	,-153.000000	,-6.000000	,-71.000000	,-150.000000	,-28.000000	,195.000000	,375.000000	,166.000000	,-133.000000	,-275.000000	,-588.000000	,-1190.000000	,-736.500000	,-795.500000	,-33.000000	,-146.000000	,-102.000000	,-88.500000	,125.500000	,426.500000	,330.000000	,217.500000	,-195.000000	,-117.500000	,-104.000000	,-96.500000	,-46.000000	,150.500000	,52.000000	,-67.500000	,-235.000000	,-74.000000	,-153.000000	,-364.000000	,-469.500000	,-201.000000	,248.000000	,537.500000	,380.000000	,228.000000	,13.500000	,55.500000	,74.000000	,618.500000	,808.500000	,671.000000	,147.000000	,-304.000000	,-161.000000	,-168.500000	,-358.500000	,-365.500000	,-293.500000	,-80.000000	,-53.500000	,-116.000000	,72.500000	,334.000000	,231.500000	,31.500000	,104.500000	,307.000000	,-46.500000	,-278.500000	,-524.500000	,-465.500000	,-319.500000	,-80.000000	,471.000000	,287.500000	,256.500000	,262.500000	,413.500000	,842.500000	,269.000000	,538.000000	,423.000000	,489.000000	,340.500000	,-87.000000	,234.500000	,132.500000	,439.000000	,59.500000	,1.500000	,129.500000	,-36.000000	,156.500000	,34.000000	,58.500000	,256.500000	,75.500000	,-123.000000	,-79.000000	,-369.500000	,-475.000000	,-814.000000	,-765.500000	,-432.000000	,-263.000000	,1.500000	,-293.000000	,-10.500000	,144.000000	,385.000000	,276.500000	,402.000000	,215.000000	,81.000000	,74.500000	,75.500000	,81.500000	,-23.500000	,269.500000	,537.000000	,881.500000	,135.000000	,-30.000000	,-260.000000	,151.500000	,191.500000	,287.500000	,277.500000	,114.000000	,99.500000	,49.500000	,323.500000	,295.000000	,251.000000	,-71.500000	,-149.000000	,142.000000	,-492.500000	,-748.500000	,-675.500000	,86.500000	,437.000000	,142.500000	,-42.000000	,-191.000000	,528.500000	,247.000000	,334.500000	,-277.000000	,-179.500000	,-136.500000	,17.000000	,129.500000	,38.500000	,20.000000	,-156.000000	,13.500000	,-142.000000	,-290.500000	,-371.500000	,-539.000000	,-418.000000	,-139.500000	,-9.500000	,277.000000	,-149.000000	,-257.500000	,-88.500000	,185.500000	,581.500000	,402.000000	,824.500000	,405.000000	,410.000000	,-52.500000	,199.000000	,145.000000	,304.500000	,-171.000000	,-348.500000	,-78.500000	,206.000000	,393.000000	,-72.500000	,-196.000000	,-426.500000	,-35.500000	,-353.000000	,-426.000000	,-408.000000	,51.000000	,56.000000	,239.000000	,-98.500000	,-128.000000	,-62.500000	,201.500000	,327.500000	,330.500000	,178.000000	,221.000000	,206.500000	,285.000000	,166.500000	,55.000000	,64.500000	,109.000000	,-44.500000	,1.000000	,-127.500000	,15.500000	,159.000000	,272.500000	,219.000000	,61.000000	,
-352.500000	,-339.500000	,-149.000000	,-6.000000	,175.000000	,322.000000	,253.000000	,180.500000	,241.500000	,10.500000	,165.000000	,-184.000000	,-20.500000	,-180.000000	,-16.000000	,130.000000	,570.000000	,473.500000	,342.000000	,-105.500000	,-284.000000	,-40.500000	,196.000000	,140.000000	,258.000000	,119.500000	,213.000000	,68.500000	,-214.000000	,-505.000000	,-648.500000	,-576.000000	,-209.500000	,103.500000	,226.500000	,209.500000	,9.500000	,-100.000000	,-590.000000	,-913.500000	,-867.000000	,-626.000000	,-326.000000	,-102.500000	,-42.500000	,124.500000	,208.000000	,78.500000	,-141.000000	,-397.500000	,-355.000000	,159.000000	,305.000000	,480.000000	,376.500000	,98.500000	,237.500000	,45.500000	,339.500000	,213.500000	,179.500000	,280.000000	,440.000000	,507.000000	,329.000000	,134.500000	,-32.000000	,-136.500000	,-332.000000	,-211.000000	,-21.000000	,234.000000	,471.500000	,798.000000	,451.500000	,264.500000	,-142.000000	,-21.500000	,228.500000	,540.500000	,683.500000	,239.500000	,-112.500000	,-79.000000	,293.500000	,17.500000	,145.000000	,-6.500000	,202.500000	,-94.500000	,-25.000000	,-397.000000	,-618.500000	,-466.500000	,-509.000000	,-81.000000	,0.000000	,157.000000	,-326.500000	,-327.500000	,-307.000000	,75.000000	,33.500000	,102.500000	,-27.000000	,276.500000	,-178.500000	,-47.000000	,-497.000000	,-377.500000	,-268.000000	,-80.500000	,315.500000	,545.000000	,569.500000	,395.000000	,317.000000	,38.500000	,-219.000000	,-206.000000	,-115.000000	,-33.500000	,-429.500000	,61.000000	,-309.000000	,237.000000	,-61.500000	,-149.000000	,-127.000000	,-201.000000	,-427.500000	,-564.500000	,-668.500000	,-241.000000	,-55.500000	,-294.500000	,-277.000000	,-455.500000	,-322.000000	,-95.000000	,33.500000	,407.000000	,59.500000	,-45.500000	,224.500000	,212.500000	,642.000000	,131.500000	,466.500000	,336.500000	,350.500000	,274.500000	,26.000000	,110.500000	,-22.500000	,-398.500000	,-397.500000	,-412.000000	,281.000000	,621.000000	,501.000000	,344.500000	,-181.500000	,-309.500000	,-581.000000	,-620.500000	,-703.500000	,195.500000	,18.500000	,338.000000	,-41.500000	,45.500000	,-119.000000	,-264.000000	,-353.500000	,-85.500000	,-40.000000	,137.000000	,99.500000	,-327.500000	,-229.500000	,-252.500000	,9.000000	,326.500000	,192.000000	,170.500000	,46.500000	,2.500000	,73.000000	,-12.500000	,-264.000000	,-75.500000	,-312.500000	,168.000000	,-45.000000	,669.000000	,801.500000	,1450.500000	,879.500000	,548.500000	,-297.000000	,-387.000000	,-297.000000	,-271.000000	,227.000000	,-45.500000	,-241.000000	,-53.500000	,-95.500000	,515.500000	,153.500000	,67.500000	,-94.500000	,-100.000000	,-12.000000	,-343.000000	,119.000000	,-176.500000	,425.500000	,-32.000000	,-315.500000	,-544.000000	,138.000000	,288.000000	,481.000000	,7.500000	,-180.000000	,-69.000000	,-347.000000	,98.000000	,154.500000	,227.000000	,150.500000	,-27.500000	,-81.500000	,-155.500000	,-67.000000	,-1.000000	,49.000000	,16.500000	,
-23.500000	,-64.500000	,-40.000000	,-122.500000	,-97.000000	,-67.000000	,82.500000	,227.500000	,114.500000	,218.000000	,79.000000	,100.500000	,-1.500000	,-229.500000	,19.500000	,-318.000000	,48.000000	,-77.000000	,10.000000	,398.000000	,537.000000	,963.000000	,629.500000	,633.500000	,194.000000	,89.000000	,-200.500000	,-388.000000	,-516.000000	,-556.000000	,-418.000000	,15.500000	,251.500000	,747.000000	,209.000000	,-64.000000	,-607.000000	,-814.500000	,-820.500000	,-773.500000	,-444.000000	,-244.500000	,180.500000	,98.000000	,82.500000	,270.500000	,182.500000	,690.500000	,195.000000	,128.000000	,27.000000	,-126.000000	,116.500000	,-70.500000	,2.500000	,-22.500000	,-128.000000	,-348.500000	,-283.000000	,-96.000000	,234.500000	,384.500000	,297.500000	,136.000000	,29.000000	,24.000000	,-92.500000	,-235.500000	,16.500000	,22.000000	,93.500000	,125.000000	,577.500000	,151.500000	,105.000000	,-309.500000	,-35.000000	,-66.500000	,-144.000000	,-99.000000	,106.000000	,147.000000	,-188.500000	,97.500000	,-85.000000	,340.000000	,-314.500000	,-95.000000	,-607.500000	,-295.000000	,-227.500000	,-799.000000	,-350.500000	,-425.000000	,202.500000	,-222.000000	,-15.500000	,-81.500000	,212.500000	,51.000000	,-34.000000	,-267.000000	,-626.500000	,-766.500000	,-645.000000	,-541.500000	,-451.500000	,-517.500000	,-261.000000	,93.500000	,116.500000	,17.500000	,-162.000000	,-307.000000	,-360.500000	,-159.000000	,-438.500000	,-368.000000	,-183.000000	,113.500000	,696.500000	,309.500000	,48.000000	,-158.000000	,46.000000	,25.500000	,-0.500000	,106.500000	,21.500000	,-173.000000	,-116.000000	,-72.000000	,-368.000000	,12.000000	,-77.000000	,56.000000	,-237.000000	,-384.000000	,22.000000	,-133.000000	,-8.500000	,-366.000000	,-335.500000	,-11.000000	,-119.000000	,268.000000	,57.000000	,136.500000	,72.500000	,-255.500000	,119.000000	,-456.500000	,64.500000	,-208.000000	,120.000000	,-81.000000	,-48.000000	,3.000000	,42.500000	,312.000000	,19.000000	,-259.000000	,-110.000000	,-6.500000	,-259.000000	,-583.000000	,-998.000000	,-722.500000	,-422.000000	,-192.500000	,-191.000000	,204.500000	,-110.000000	,161.000000	,61.000000	,86.500000	,2.000000	,96.500000	,-16.000000	,60.500000	,241.000000	,127.500000	,427.500000	,172.000000	,28.000000	,250.000000	,161.500000	,306.000000	,85.000000	,-178.500000	,38.500000	,136.000000	,-87.000000	,-165.000000	,133.500000	,232.500000	,-102.000000	,89.000000	,369.500000	,912.500000	,284.500000	,178.000000	,-90.000000	,76.000000	,-353.500000	,-13.500000	,-173.500000	,-152.500000	,-272.000000	,-260.500000	,-250.500000	,-20.000000	,-29.500000	,166.000000	,-39.000000	,-109.500000	,-159.500000	,-16.500000	,-319.500000	,-26.000000	,-163.500000	,327.500000	,258.500000	,99.500000	,-225.000000	,-152.000000	,-145.500000	,-105.000000	,7.500000	,-50.000000	,107.500000	,-133.500000	,-18.000000	,-115.500000	,-240.000000	,-214.000000	,-238.000000	,-23.500000	,23.000000	,-23.000000	,
314.500000	,353.500000	,150.500000	,-61.000000	,-85.500000	,-139.500000	,-36.000000	,-48.000000	,-151.500000	,38.500000	,-83.000000	,118.000000	,7.500000	,138.000000	,187.500000	,322.000000	,145.000000	,146.000000	,-237.500000	,-87.500000	,-380.000000	,-134.000000	,77.000000	,208.000000	,29.000000	,-166.000000	,-460.000000	,-63.500000	,-107.500000	,290.000000	,-56.000000	,168.500000	,69.000000	,56.500000	,-301.500000	,-1003.000000	,-1395.500000	,-1047.000000	,-451.000000	,258.500000	,163.000000	,-67.000000	,-308.500000	,62.500000	,-157.500000	,303.000000	,-149.500000	,281.500000	,18.500000	,278.500000	,190.000000	,112.000000	,-76.000000	,-3.000000	,-55.500000	,-38.000000	,-249.000000	,-420.000000	,-214.500000	,71.000000	,65.500000	,-136.500000	,-242.500000	,-2.500000	,-72.500000	,45.000000	,-88.500000	,90.000000	,11.500000	,241.000000	,253.500000	,838.000000	,483.500000	,82.000000	,-262.500000	,-83.000000	,215.500000	,55.500000	,-41.000000	,56.500000	,-102.500000	,136.500000	,315.500000	,166.000000	,258.500000	,13.000000	,247.000000	,95.500000	,0.000000	,65.000000	,-358.500000	,-213.500000	,-393.500000	,67.000000	,-108.500000	,487.500000	,187.500000	,-128.000000	,312.000000	,-114.000000	,208.500000	,-30.000000	,146.500000	,61.000000	,63.000000	,-57.000000	,322.500000	,536.500000	,464.000000	,556.000000	,487.000000	,400.500000	,328.000000	,-150.500000	,-44.000000	,69.500000	,13.500000	,-79.500000	,-152.500000	,-441.000000	,48.500000	,254.000000	,570.000000	,387.500000	,-80.500000	,132.000000	,220.000000	,63.000000	,101.500000	,-26.500000	,8.500000	,218.500000	,131.000000	,124.000000	,123.000000	,25.500000	,-40.500000	,303.000000	,330.500000	,316.000000	,255.500000	,115.500000	,164.500000	,129.500000	,-317.000000	,64.000000	,-320.000000	,305.500000	,-533.500000	,-243.500000	,-446.000000	,-170.500000	,37.500000	,-144.000000	,-12.000000	,48.000000	,320.500000	,186.500000	,107.500000	,48.000000	,-224.500000	,-243.000000	,-88.500000	,250.000000	,151.000000	,-166.000000	,-649.500000	,-739.500000	,-558.000000	,-269.500000	,-81.500000	,62.500000	,592.000000	,449.500000	,458.500000	,254.000000	,-129.000000	,-192.500000	,-118.500000	,283.500000	,208.000000	,319.500000	,-205.500000	,-299.500000	,-366.500000	,-111.000000	,15.000000	,33.500000	,14.000000	,-241.000000	,110.000000	,114.500000	,286.500000	,84.500000	,-412.000000	,-183.000000	,-501.500000	,-274.000000	,287.000000	,505.000000	,696.000000	,468.000000	,290.000000	,182.500000	,221.000000	,-55.000000	,239.500000	,-16.500000	,140.000000	,-292.000000	,-141.000000	,-262.000000	,148.500000	,282.000000	,171.500000	,353.500000	,30.000000	,113.000000	,-17.500000	,47.500000	,104.500000	,654.500000	,310.000000	,431.500000	,88.500000	,210.000000	,25.000000	,-80.500000	,106.000000	,-61.500000	,62.000000	,106.000000	,238.000000	,462.500000	,246.000000	,241.500000	,-57.000000	,-45.500000	,-11.000000	,-61.000000	,
-7.000000	,-121.500000	,-155.500000	,-35.500000	,29.000000	,-40.500000	,-111.000000	,-87.000000	,153.500000	,64.000000	,199.000000	,-14.500000	,-67.500000	,-25.000000	,48.500000	,95.000000	,-50.500000	,-1.000000	,21.500000	,33.000000	,111.500000	,8.000000	,-73.000000	,-273.000000	,130.500000	,-237.000000	,158.000000	,-314.500000	,216.500000	,358.000000	,262.500000	,61.500000	,-458.500000	,-826.500000	,-919.500000	,-576.000000	,-115.500000	,-226.500000	,77.500000	,-158.000000	,506.500000	,229.000000	,130.000000	,103.000000	,-49.500000	,-270.000000	,-178.500000	,-117.500000	,-128.000000	,-134.000000	,-289.500000	,54.000000	,166.000000	,-12.500000	,-172.000000	,-233.000000	,52.000000	,334.500000	,17.500000	,4.500000	,-186.500000	,127.500000	,149.000000	,70.000000	,66.000000	,-153.000000	,171.500000	,115.500000	,381.000000	,219.000000	,875.000000	,606.000000	,475.000000	,469.000000	,221.000000	,471.500000	,12.000000	,233.000000	,171.500000	,276.500000	,285.500000	,40.500000	,-38.000000	,210.500000	,10.500000	,154.000000	,51.000000	,-93.500000	,140.000000	,13.500000	,-360.000000	,-261.000000	,-207.000000	,-45.000000	,-136.500000	,292.500000	,48.500000	,65.000000	,-458.500000	,-340.500000	,-335.000000	,-441.000000	,-115.000000	,-167.000000	,422.000000	,790.500000	,943.500000	,678.500000	,63.500000	,-329.500000	,-363.000000	,221.000000	,27.500000	,220.500000	,49.500000	,106.500000	,208.500000	,305.500000	,386.000000	,79.000000	,-363.500000	,-173.000000	,-370.500000	,-349.500000	,-391.000000	,-96.500000	,-74.500000	,44.000000	,6.000000	,-108.500000	,-20.500000	,-620.500000	,-211.500000	,-588.000000	,-273.000000	,-54.500000	,-114.000000	,395.500000	,48.500000	,208.500000	,-102.500000	,148.500000	,33.500000	,-164.000000	,70.500000	,51.500000	,385.000000	,51.500000	,309.000000	,-57.500000	,378.500000	,218.000000	,329.500000	,268.000000	,-49.500000	,254.500000	,177.500000	,63.500000	,93.000000	,64.000000	,248.000000	,342.000000	,373.000000	,372.000000	,274.000000	,382.000000	,116.000000	,-44.000000	,-144.000000	,-352.500000	,-5.500000	,-611.500000	,-332.500000	,-435.500000	,72.000000	,130.000000	,345.500000	,-47.000000	,87.000000	,-115.000000	,-165.000000	,-489.000000	,-326.000000	,-224.500000	,31.500000	,-37.000000	,112.500000	,-101.000000	,-35.500000	,-183.000000	,-60.500000	,42.500000	,160.000000	,84.500000	,255.000000	,47.000000	,563.500000	,44.500000	,184.000000	,-181.000000	,495.500000	,941.000000	,676.500000	,635.000000	,310.000000	,-46.500000	,-210.000000	,-141.500000	,187.500000	,469.000000	,379.000000	,34.500000	,94.500000	,-167.500000	,277.500000	,56.000000	,277.000000	,-161.500000	,243.000000	,292.000000	,557.000000	,606.500000	,86.000000	,42.500000	,-7.500000	,0.000000	,-15.500000	,272.500000	,262.000000	,230.000000	,-146.000000	,-122.000000	,-62.000000	,-110.000000	,77.000000	,-91.000000	,82.000000	,-142.500000	,-44.500000	,-56.500000	,
-158.000000	,-202.000000	,-187.500000	,-223.500000	,-102.500000	,-30.000000	,-99.000000	,-56.500000	,-52.500000	,-104.500000	,-83.500000	,-208.000000	,-286.500000	,-36.500000	,-39.500000	,83.500000	,48.500000	,91.000000	,-18.000000	,202.000000	,202.500000	,146.500000	,20.000000	,82.000000	,325.500000	,289.000000	,32.500000	,-212.500000	,141.000000	,313.500000	,212.500000	,-447.500000	,-1058.000000	,-1242.500000	,-660.500000	,-324.000000	,204.000000	,122.000000	,87.000000	,-88.000000	,-184.500000	,112.500000	,32.000000	,19.500000	,207.000000	,150.500000	,89.000000	,-57.500000	,-49.500000	,49.000000	,336.500000	,150.000000	,-212.000000	,-272.000000	,-597.500000	,-482.500000	,-252.000000	,-72.500000	,108.500000	,-116.500000	,-191.500000	,48.500000	,92.000000	,36.000000	,-64.000000	,-410.500000	,28.000000	,-17.500000	,649.000000	,365.500000	,411.500000	,62.000000	,-6.500000	,-86.500000	,-85.500000	,-203.000000	,-157.000000	,-423.000000	,-126.500000	,-314.000000	,-57.500000	,-60.500000	,-67.000000	,-25.500000	,-206.500000	,-26.000000	,-36.500000	,-117.500000	,-13.000000	,-279.000000	,-338.000000	,-253.500000	,126.500000	,128.500000	,456.500000	,223.500000	,-71.500000	,-261.500000	,-211.500000	,-95.000000	,-75.000000	,60.000000	,-162.500000	,81.000000	,131.500000	,304.000000	,75.000000	,-308.500000	,-159.500000	,-125.500000	,-156.000000	,-110.000000	,-248.500000	,-10.500000	,-291.000000	,23.000000	,-366.000000	,233.000000	,21.500000	,98.500000	,-146.500000	,-257.500000	,-16.500000	,207.000000	,524.000000	,39.000000	,-211.000000	,-88.000000	,113.500000	,250.000000	,449.500000	,135.000000	,293.000000	,-528.500000	,104.500000	,-9.500000	,384.000000	,-183.500000	,109.500000	,-213.500000	,143.500000	,-34.000000	,-135.500000	,-82.500000	,36.500000	,198.500000	,618.000000	,415.500000	,713.000000	,94.500000	,291.000000	,102.500000	,162.000000	,295.500000	,54.000000	,-187.000000	,-487.000000	,-567.000000	,-614.500000	,-689.000000	,-326.500000	,-107.000000	,-31.500000	,-243.500000	,-129.000000	,139.000000	,82.500000	,-228.500000	,-377.000000	,-411.000000	,-308.500000	,299.000000	,-223.000000	,171.000000	,-85.000000	,64.000000	,-112.500000	,-249.000000	,-310.000000	,-346.000000	,-179.500000	,-18.500000	,-130.500000	,32.500000	,-85.000000	,65.500000	,-124.000000	,-15.500000	,-410.500000	,-89.500000	,-334.500000	,-91.000000	,-166.500000	,-87.000000	,151.500000	,183.000000	,204.500000	,216.000000	,-83.500000	,54.500000	,395.000000	,304.000000	,579.000000	,321.000000	,625.000000	,601.500000	,494.000000	,157.500000	,5.500000	,-109.500000	,159.000000	,276.500000	,134.000000	,222.500000	,-54.500000	,339.000000	,168.500000	,225.500000	,3.000000	,-169.000000	,347.000000	,382.000000	,577.500000	,34.000000	,-150.500000	,-241.500000	,-355.500000	,-199.500000	,-54.000000	,-100.500000	,-53.000000	,-17.000000	,-131.000000	,-289.500000	,-180.000000	,-240.000000	,-63.000000	,9.000000	,-87.000000	,-64.000000	,
-164.000000	,191.000000	,155.500000	,164.000000	,124.500000	,34.500000	,25.000000	,-64.000000	,15.500000	,84.000000	,13.000000	,42.500000	,160.500000	,60.000000	,71.000000	,-70.500000	,-256.500000	,-196.500000	,-184.000000	,116.500000	,-123.500000	,-214.500000	,-272.000000	,-340.000000	,-481.500000	,-237.500000	,73.000000	,520.500000	,57.000000	,-236.000000	,-870.500000	,-710.500000	,-543.500000	,-166.500000	,180.500000	,136.500000	,-141.500000	,-33.000000	,-256.000000	,-31.000000	,6.500000	,581.500000	,290.500000	,412.000000	,161.000000	,307.000000	,227.000000	,-85.500000	,11.500000	,-109.500000	,-155.000000	,-258.500000	,-122.000000	,-229.000000	,194.000000	,-67.500000	,221.500000	,42.000000	,116.000000	,370.000000	,61.500000	,-85.500000	,-509.500000	,-603.500000	,-229.500000	,62.000000	,141.500000	,321.000000	,368.000000	,274.500000	,156.500000	,-156.500000	,-111.500000	,-173.500000	,-54.500000	,-128.000000	,-47.000000	,-232.500000	,-140.000000	,-212.000000	,-162.000000	,-367.500000	,70.500000	,-193.500000	,207.000000	,-298.000000	,-80.500000	,215.500000	,151.500000	,-135.000000	,-171.000000	,-561.500000	,-19.000000	,-248.500000	,-251.000000	,-5.000000	,-30.500000	,274.500000	,177.500000	,-44.000000	,-11.000000	,41.500000	,178.000000	,-72.500000	,42.000000	,186.000000	,109.000000	,73.500000	,381.000000	,349.000000	,162.000000	,-107.500000	,-429.000000	,-185.000000	,-69.000000	,31.500000	,410.500000	,206.500000	,585.500000	,-31.000000	,330.000000	,-276.000000	,50.500000	,107.500000	,354.500000	,49.500000	,99.500000	,-73.500000	,51.000000	,-9.000000	,-39.000000	,-176.000000	,-350.500000	,48.000000	,-83.500000	,-70.000000	,-384.500000	,-214.000000	,37.000000	,85.500000	,205.500000	,157.000000	,323.000000	,386.500000	,202.000000	,247.000000	,-387.500000	,211.000000	,67.000000	,362.500000	,-49.000000	,14.500000	,-406.500000	,-365.500000	,-323.000000	,27.000000	,-215.000000	,187.500000	,446.500000	,568.500000	,483.500000	,47.000000	,-80.500000	,-342.000000	,-96.000000	,-226.000000	,-155.000000	,-219.500000	,-300.000000	,-488.000000	,-801.000000	,-60.000000	,229.000000	,130.000000	,179.000000	,-206.000000	,-62.500000	,-39.500000	,198.500000	,184.000000	,108.500000	,12.500000	,-100.500000	,5.500000	,-506.500000	,-548.500000	,-593.500000	,-448.000000	,67.000000	,43.000000	,412.500000	,59.500000	,-72.000000	,-0.500000	,245.000000	,280.500000	,82.000000	,-452.000000	,-225.000000	,19.000000	,0.500000	,203.500000	,198.000000	,573.500000	,716.500000	,880.500000	,947.500000	,412.000000	,-102.000000	,-376.500000	,-99.000000	,40.000000	,220.500000	,-58.500000	,-429.000000	,-472.500000	,-271.500000	,-82.500000	,-16.500000	,182.000000	,156.000000	,170.000000	,72.000000	,-94.500000	,154.000000	,45.000000	,147.500000	,-10.000000	,-15.000000	,135.500000	,281.500000	,281.500000	,171.000000	,268.500000	,377.000000	,413.000000	,330.000000	,247.000000	,145.000000	,-64.000000	,
-118.500000	,77.500000	,20.500000	,131.000000	,132.000000	,54.000000	,72.000000	,105.500000	,150.000000	,29.500000	,-23.000000	,157.000000	,220.500000	,-30.000000	,-108.500000	,-197.500000	,-93.500000	,102.500000	,155.000000	,105.000000	,248.000000	,-129.500000	,-174.500000	,-216.000000	,-566.000000	,-146.000000	,-282.500000	,-310.000000	,-774.500000	,-926.000000	,-590.000000	,76.500000	,200.000000	,247.000000	,-112.500000	,-28.500000	,-76.000000	,39.000000	,-4.500000	,216.500000	,-54.000000	,219.000000	,306.500000	,-17.000000	,128.000000	,-64.000000	,171.000000	,324.500000	,317.000000	,63.000000	,-100.500000	,-117.500000	,-48.000000	,193.500000	,188.000000	,342.000000	,-43.000000	,-335.500000	,-491.500000	,-220.500000	,-33.000000	,-25.000000	,-167.000000	,-311.000000	,116.000000	,467.000000	,357.500000	,373.500000	,22.000000	,452.000000	,-44.000000	,-49.500000	,-235.500000	,55.500000	,100.500000	,252.500000	,495.500000	,715.500000	,355.000000	,-178.500000	,-170.500000	,-263.000000	,-271.000000	,-330.000000	,-220.000000	,69.000000	,-110.500000	,112.500000	,-74.500000	,-441.000000	,-417.000000	,-346.500000	,-38.000000	,-115.000000	,-8.000000	,-413.000000	,-146.000000	,38.000000	,171.000000	,362.000000	,45.500000	,113.500000	,137.000000	,97.000000	,680.500000	,250.500000	,314.500000	,179.000000	,48.500000	,120.000000	,39.000000	,57.000000	,70.000000	,-109.500000	,30.000000	,-86.000000	,-129.500000	,-407.500000	,-380.500000	,-321.500000	,-170.500000	,7.500000	,-447.500000	,-75.500000	,-416.500000	,-213.500000	,54.500000	,138.000000	,-104.500000	,-215.500000	,-386.000000	,-363.500000	,-438.500000	,-345.000000	,-59.000000	,34.000000	,57.000000	,139.500000	,-57.000000	,-246.500000	,-131.000000	,-339.000000	,-275.000000	,-267.500000	,43.500000	,275.000000	,416.000000	,763.000000	,768.000000	,823.500000	,-39.500000	,-45.500000	,-183.000000	,-2.000000	,-221.000000	,-181.500000	,33.000000	,-103.500000	,-191.500000	,-229.500000	,-248.000000	,144.000000	,123.000000	,11.000000	,-520.500000	,-210.500000	,-388.000000	,212.000000	,-26.500000	,-11.000000	,-268.500000	,-309.000000	,-157.500000	,-4.000000	,-50.000000	,238.000000	,105.500000	,277.500000	,150.000000	,280.000000	,63.000000	,260.000000	,212.000000	,518.000000	,568.500000	,426.000000	,96.000000	,498.000000	,506.000000	,697.500000	,147.500000	,-56.000000	,-140.500000	,-106.500000	,-34.500000	,33.500000	,8.000000	,-89.000000	,70.500000	,-232.500000	,-58.000000	,-270.000000	,-127.500000	,31.000000	,-20.000000	,172.000000	,292.500000	,521.000000	,915.500000	,676.000000	,142.000000	,-331.000000	,-494.500000	,-415.000000	,-110.000000	,-31.000000	,131.500000	,-15.500000	,-196.000000	,632.500000	,414.000000	,370.500000	,11.000000	,15.000000	,14.000000	,246.500000	,186.500000	,244.500000	,75.000000	,-57.000000	,-6.000000	,-16.500000	,33.000000	,109.000000	,50.500000	,-69.000000	,-178.000000	,-172.000000	,-229.500000	,-254.500000	,
54.500000	,136.500000	,121.500000	,-21.500000	,-77.000000	,28.500000	,-59.500000	,-2.500000	,-156.000000	,-137.500000	,-130.500000	,-109.500000	,-97.500000	,-80.000000	,-29.000000	,-83.500000	,213.500000	,197.000000	,158.000000	,-206.000000	,-126.000000	,-205.000000	,150.000000	,153.000000	,530.500000	,9.500000	,-242.500000	,-1115.500000	,-582.000000	,-323.000000	,183.500000	,306.000000	,-17.500000	,138.500000	,46.500000	,239.500000	,588.000000	,507.000000	,388.500000	,14.000000	,-437.000000	,-474.500000	,-556.000000	,-118.500000	,-197.000000	,85.000000	,-115.500000	,-195.500000	,42.000000	,-170.000000	,69.000000	,68.000000	,-88.000000	,592.000000	,253.500000	,496.000000	,233.500000	,601.000000	,323.000000	,297.500000	,108.500000	,358.500000	,267.500000	,498.000000	,247.000000	,67.500000	,369.000000	,295.000000	,712.000000	,227.500000	,362.000000	,131.500000	,446.500000	,282.500000	,113.500000	,-0.500000	,-199.000000	,-43.000000	,-471.000000	,-131.500000	,-401.500000	,-301.500000	,-271.500000	,47.500000	,-128.500000	,-5.000000	,-72.500000	,-260.000000	,-795.500000	,-492.500000	,-334.000000	,357.500000	,205.500000	,-16.500000	,-177.000000	,-307.000000	,-120.000000	,-125.000000	,-230.500000	,215.500000	,171.500000	,258.000000	,-11.000000	,87.500000	,104.000000	,162.000000	,47.000000	,164.000000	,-192.500000	,-154.000000	,-271.500000	,157.000000	,349.000000	,318.000000	,178.000000	,55.000000	,-398.500000	,-211.000000	,-466.000000	,-288.000000	,40.000000	,219.500000	,215.500000	,306.500000	,28.500000	,67.500000	,149.500000	,443.000000	,108.000000	,387.500000	,-8.000000	,91.500000	,-460.000000	,-397.500000	,-719.000000	,-153.000000	,57.500000	,-116.000000	,-227.000000	,81.500000	,-143.000000	,25.000000	,-15.500000	,89.000000	,70.000000	,-212.000000	,63.000000	,-29.500000	,670.500000	,52.000000	,343.000000	,-179.000000	,-147.000000	,-0.500000	,-181.500000	,-23.000000	,-140.500000	,-285.000000	,-260.000000	,-26.500000	,278.000000	,250.000000	,195.000000	,176.500000	,-56.000000	,-177.500000	,21.500000	,36.000000	,64.000000	,423.500000	,-168.000000	,-254.000000	,-828.500000	,-416.000000	,-447.000000	,-153.000000	,-157.000000	,87.500000	,-102.500000	,-127.500000	,127.000000	,-44.500000	,179.000000	,-62.500000	,373.000000	,532.500000	,534.500000	,191.000000	,42.000000	,-52.000000	,27.000000	,277.500000	,138.000000	,-134.500000	,-344.500000	,-519.000000	,-72.000000	,123.000000	,295.500000	,58.500000	,178.000000	,206.500000	,-66.500000	,-226.500000	,20.500000	,-387.500000	,-172.500000	,-59.500000	,926.000000	,1017.500000	,933.500000	,345.000000	,277.000000	,12.000000	,205.000000	,-61.500000	,-97.000000	,-250.000000	,10.500000	,429.000000	,349.000000	,158.500000	,60.000000	,-37.500000	,11.500000	,131.500000	,125.500000	,158.000000	,-5.500000	,-146.500000	,-231.500000	,-144.500000	,-2.000000	,-61.500000	,-133.500000	,-160.500000	,-315.000000	,-337.500000	,-462.000000	,-280.000000	,
-89.000000	,-36.000000	,-50.000000	,-41.000000	,12.500000	,-65.500000	,-85.000000	,-93.000000	,-93.500000	,160.500000	,16.500000	,56.000000	,-192.500000	,169.500000	,14.000000	,104.500000	,-184.000000	,-109.500000	,-228.000000	,-345.000000	,-322.500000	,138.500000	,-61.500000	,89.500000	,-597.500000	,-855.000000	,-804.000000	,-622.500000	,-538.500000	,-321.500000	,-501.000000	,-652.000000	,-277.500000	,-183.000000	,-44.500000	,92.000000	,-120.000000	,-301.000000	,-624.500000	,-300.500000	,212.500000	,69.500000	,16.500000	,-376.000000	,-8.500000	,-13.500000	,37.000000	,307.000000	,64.000000	,284.500000	,10.500000	,-313.000000	,-142.000000	,-261.500000	,-93.500000	,-302.500000	,-267.500000	,174.000000	,277.500000	,442.500000	,315.500000	,308.500000	,245.000000	,139.500000	,145.500000	,629.500000	,112.500000	,155.000000	,-228.000000	,-116.500000	,376.000000	,337.000000	,301.500000	,307.500000	,326.500000	,416.500000	,-105.000000	,-43.000000	,-111.000000	,588.500000	,333.000000	,641.000000	,556.500000	,776.000000	,520.500000	,429.000000	,653.500000	,70.000000	,-118.000000	,-292.500000	,48.000000	,47.000000	,256.500000	,247.500000	,444.000000	,335.000000	,342.000000	,239.500000	,108.500000	,234.000000	,222.000000	,-4.000000	,-51.500000	,-647.000000	,-33.000000	,-163.000000	,45.500000	,-27.000000	,-258.500000	,-88.500000	,-299.000000	,-168.500000	,36.000000	,236.500000	,-12.500000	,-133.000000	,-99.000000	,254.000000	,353.500000	,347.000000	,457.000000	,276.000000	,276.000000	,-36.500000	,229.000000	,106.000000	,262.500000	,15.000000	,-222.000000	,-446.500000	,-203.000000	,-136.500000	,-16.000000	,6.500000	,-229.500000	,147.500000	,198.500000	,292.500000	,217.500000	,213.000000	,-156.500000	,-94.000000	,-194.500000	,113.500000	,-183.500000	,-276.500000	,-257.500000	,-127.500000	,157.500000	,406.000000	,546.500000	,380.000000	,-20.000000	,-56.000000	,21.500000	,158.000000	,150.000000	,407.000000	,314.000000	,322.500000	,120.000000	,-341.500000	,13.000000	,65.500000	,490.500000	,163.500000	,354.000000	,94.000000	,76.000000	,-174.000000	,-248.000000	,-651.000000	,-683.000000	,-322.000000	,-358.500000	,-228.000000	,-310.000000	,-334.000000	,-86.500000	,-159.000000	,54.000000	,-54.000000	,-66.500000	,120.500000	,-261.000000	,-54.000000	,-484.000000	,-381.500000	,-472.500000	,-504.000000	,-259.500000	,-73.000000	,55.500000	,366.000000	,172.000000	,211.500000	,-333.000000	,34.500000	,102.000000	,-3.500000	,229.500000	,115.000000	,344.000000	,57.000000	,-139.000000	,-160.500000	,-280.000000	,184.500000	,147.000000	,466.500000	,621.500000	,1239.500000	,1045.000000	,548.500000	,370.000000	,44.000000	,-41.000000	,-105.000000	,652.500000	,454.000000	,566.000000	,61.000000	,-15.500000	,-66.500000	,-24.500000	,17.500000	,-41.000000	,0.000000	,-213.000000	,-180.000000	,-256.500000	,-343.000000	,-155.000000	,31.000000	,119.500000	,273.000000	,0.500000	,83.500000	,-118.500000	,25.500000	,
-126.500000	,83.000000	,-182.500000	,45.000000	,25.500000	,181.000000	,35.000000	,116.000000	,20.500000	,1.500000	,162.000000	,75.000000	,144.500000	,-92.000000	,-146.500000	,-6.000000	,-81.500000	,155.000000	,79.000000	,297.000000	,231.500000	,219.000000	,12.500000	,-634.000000	,-973.000000	,-746.000000	,-277.000000	,422.500000	,167.000000	,7.000000	,-183.000000	,-324.000000	,-256.500000	,-135.500000	,-181.500000	,-241.000000	,41.000000	,-30.500000	,409.000000	,41.000000	,77.000000	,-128.500000	,257.500000	,387.500000	,-62.500000	,-321.500000	,-688.500000	,-527.000000	,-257.000000	,-169.500000	,480.500000	,343.000000	,446.500000	,-11.000000	,-330.500000	,-298.500000	,-142.500000	,-343.500000	,145.000000	,-375.500000	,-129.500000	,-562.500000	,-431.500000	,-261.000000	,460.000000	,380.000000	,859.000000	,244.500000	,393.000000	,-26.000000	,-65.000000	,-99.500000	,-244.500000	,-329.500000	,-46.500000	,-12.000000	,102.500000	,99.500000	,361.000000	,212.000000	,536.000000	,138.000000	,89.500000	,-173.000000	,-46.500000	,144.000000	,-250.000000	,-541.000000	,-339.000000	,-288.000000	,-80.000000	,31.500000	,-406.500000	,-171.500000	,-476.000000	,-103.500000	,-235.000000	,-127.000000	,-390.000000	,-326.500000	,-101.500000	,-166.000000	,-40.000000	,31.500000	,-36.000000	,-182.000000	,-305.500000	,-148.000000	,131.500000	,85.500000	,1.500000	,-375.500000	,-497.500000	,-223.500000	,-138.000000	,-90.000000	,-28.000000	,112.000000	,303.500000	,236.500000	,291.500000	,-56.500000	,-140.500000	,-547.000000	,-477.500000	,-583.000000	,-645.000000	,-505.000000	,-446.500000	,-345.500000	,-193.500000	,58.000000	,256.000000	,127.000000	,279.500000	,-53.500000	,126.000000	,-40.500000	,206.000000	,78.000000	,441.000000	,161.000000	,154.000000	,-137.000000	,-18.500000	,314.000000	,72.000000	,67.000000	,-328.000000	,198.500000	,299.000000	,261.000000	,-245.000000	,-28.000000	,205.000000	,470.000000	,249.500000	,-26.000000	,-231.000000	,-381.500000	,-111.000000	,92.500000	,-64.500000	,14.000000	,124.000000	,427.500000	,-45.000000	,-56.500000	,-205.000000	,73.000000	,278.500000	,371.500000	,172.500000	,-184.500000	,-475.000000	,-134.000000	,-212.000000	,117.000000	,-21.000000	,-73.000000	,64.500000	,100.000000	,318.500000	,-146.000000	,152.500000	,-33.500000	,110.000000	,150.500000	,65.000000	,-241.000000	,-97.500000	,-262.500000	,-189.500000	,126.500000	,424.500000	,392.500000	,419.000000	,286.500000	,362.000000	,19.000000	,-236.500000	,-179.000000	,-308.000000	,-377.500000	,161.500000	,206.000000	,501.000000	,-98.000000	,-250.500000	,-227.000000	,-5.500000	,683.000000	,696.000000	,951.500000	,189.500000	,88.500000	,-190.500000	,34.500000	,549.000000	,183.500000	,86.000000	,-18.000000	,-94.500000	,85.000000	,-51.500000	,-18.500000	,47.500000	,91.000000	,251.500000	,257.000000	,188.000000	,86.000000	,-187.500000	,-186.000000	,-114.500000	,-81.500000	,104.000000	,8.500000	,168.000000	,-108.500000	,
174.000000	,242.500000	,185.500000	,0.000000	,-127.500000	,-84.000000	,-122.000000	,-102.500000	,-317.000000	,-147.000000	,-304.500000	,-51.500000	,-227.000000	,-45.500000	,-62.000000	,79.000000	,56.500000	,-146.500000	,157.500000	,90.500000	,322.500000	,-284.000000	,-323.500000	,-518.500000	,-187.000000	,-204.500000	,-60.500000	,-133.000000	,-204.500000	,-174.500000	,-59.500000	,64.500000	,170.500000	,66.000000	,39.000000	,-68.500000	,89.500000	,363.500000	,201.500000	,304.500000	,-150.500000	,2.000000	,173.000000	,281.500000	,258.500000	,-59.000000	,202.000000	,-80.000000	,69.000000	,11.000000	,114.500000	,346.000000	,194.500000	,-138.500000	,-107.500000	,-118.000000	,139.500000	,-122.500000	,-313.500000	,-596.000000	,-523.500000	,-413.500000	,170.500000	,1044.500000	,754.500000	,412.500000	,-149.500000	,84.500000	,-140.500000	,109.500000	,-415.500000	,65.000000	,-67.500000	,-36.000000	,-289.000000	,-219.000000	,205.000000	,-112.000000	,67.000000	,-487.500000	,-201.000000	,-189.000000	,-321.000000	,-407.000000	,-732.500000	,-392.500000	,-755.500000	,-494.000000	,-684.500000	,-187.500000	,114.000000	,186.500000	,20.000000	,-43.000000	,-247.500000	,-207.500000	,-256.000000	,90.000000	,28.500000	,-61.000000	,-185.500000	,-297.000000	,70.500000	,751.000000	,681.500000	,422.000000	,143.500000	,39.500000	,270.500000	,373.000000	,414.000000	,266.500000	,271.500000	,-15.000000	,215.500000	,116.500000	,121.500000	,-46.500000	,-100.000000	,-390.500000	,-455.500000	,-205.500000	,-221.000000	,163.000000	,-30.500000	,168.000000	,9.000000	,-141.000000	,-34.500000	,65.000000	,134.000000	,133.000000	,224.000000	,458.000000	,242.000000	,-9.500000	,-47.000000	,127.000000	,131.000000	,-39.000000	,74.000000	,-70.000000	,82.500000	,-215.500000	,-369.000000	,-396.000000	,-50.000000	,-282.000000	,-130.500000	,-308.500000	,-2.500000	,194.500000	,241.500000	,23.000000	,-68.500000	,-76.500000	,-135.500000	,184.500000	,3.500000	,-270.500000	,-436.500000	,-278.500000	,-492.500000	,-333.000000	,-116.500000	,123.000000	,99.500000	,125.000000	,158.000000	,106.500000	,-184.500000	,-207.000000	,-234.000000	,-559.500000	,-466.500000	,-652.000000	,27.000000	,262.500000	,211.500000	,151.500000	,30.000000	,139.000000	,46.500000	,-46.500000	,46.500000	,-22.000000	,87.000000	,257.500000	,30.500000	,370.000000	,34.500000	,19.500000	,41.500000	,-222.000000	,-183.000000	,-492.500000	,-266.000000	,6.500000	,-315.500000	,-264.500000	,-410.000000	,-355.000000	,-235.000000	,-68.500000	,95.000000	,416.000000	,350.500000	,359.000000	,-71.000000	,69.500000	,-142.000000	,53.000000	,38.500000	,458.500000	,797.000000	,1016.000000	,863.500000	,964.000000	,472.000000	,551.000000	,-20.500000	,-25.000000	,147.500000	,149.000000	,195.500000	,-39.000000	,40.500000	,-91.500000	,-103.500000	,70.000000	,103.500000	,317.000000	,229.500000	,-29.000000	,-138.000000	,-149.000000	,93.000000	,67.500000	,346.000000	,83.500000	,
-209.500000	,-178.500000	,-19.000000	,15.500000	,-109.000000	,-24.000000	,-167.000000	,-6.500000	,37.500000	,65.000000	,-205.000000	,-100.500000	,-145.500000	,255.500000	,83.500000	,-30.500000	,-178.000000	,-245.500000	,-41.000000	,52.000000	,113.000000	,67.500000	,-187.000000	,21.500000	,51.500000	,168.500000	,-46.000000	,-253.000000	,76.500000	,93.000000	,263.500000	,254.500000	,218.000000	,115.000000	,-45.500000	,-177.500000	,-238.000000	,-524.000000	,-321.000000	,-96.000000	,268.000000	,-163.500000	,-551.500000	,-608.500000	,-119.000000	,245.500000	,202.000000	,322.500000	,-104.500000	,-73.000000	,-427.000000	,-408.500000	,-39.000000	,-147.000000	,294.500000	,474.000000	,196.000000	,163.500000	,94.500000	,189.500000	,210.500000	,299.000000	,1013.000000	,734.000000	,140.000000	,-307.500000	,-683.000000	,-286.000000	,-170.500000	,176.000000	,386.000000	,243.000000	,306.000000	,129.500000	,64.500000	,43.000000	,121.000000	,225.500000	,-116.500000	,115.500000	,-341.500000	,17.500000	,-314.500000	,-144.000000	,-482.500000	,-642.000000	,-429.000000	,-217.000000	,147.500000	,185.000000	,30.000000	,-278.000000	,-347.000000	,-210.000000	,131.500000	,115.500000	,-40.000000	,74.000000	,169.500000	,18.000000	,3.000000	,-198.000000	,-291.000000	,-6.000000	,-336.000000	,85.500000	,20.500000	,-68.500000	,8.500000	,-21.500000	,-47.500000	,79.500000	,-42.000000	,135.000000	,-280.500000	,110.000000	,153.500000	,275.000000	,58.500000	,58.500000	,-92.000000	,214.500000	,382.500000	,170.000000	,206.000000	,77.000000	,329.000000	,362.000000	,492.500000	,312.500000	,259.500000	,157.500000	,173.000000	,-397.000000	,-211.000000	,-816.000000	,-166.000000	,-346.000000	,-269.500000	,33.500000	,-59.500000	,280.000000	,455.000000	,419.000000	,1.500000	,-224.500000	,-269.000000	,-86.000000	,-12.000000	,13.500000	,356.000000	,521.000000	,640.500000	,165.000000	,-158.500000	,-408.000000	,-350.000000	,-11.000000	,-149.000000	,148.000000	,133.000000	,301.000000	,122.000000	,14.000000	,-89.500000	,-315.500000	,-111.500000	,-376.000000	,-273.500000	,-487.500000	,-210.000000	,-209.500000	,-178.500000	,-110.500000	,-189.500000	,-189.000000	,-287.000000	,-13.000000	,-27.000000	,150.500000	,38.500000	,-255.500000	,-262.000000	,-108.500000	,-42.500000	,-257.500000	,-426.500000	,-381.500000	,-21.000000	,162.000000	,194.000000	,-59.500000	,-342.000000	,-269.000000	,-355.000000	,-71.000000	,-412.000000	,-232.000000	,-230.500000	,75.500000	,231.500000	,45.500000	,181.500000	,218.000000	,50.000000	,-56.000000	,240.500000	,221.500000	,396.500000	,-226.000000	,73.000000	,-194.500000	,-122.000000	,-251.000000	,1.500000	,437.500000	,758.500000	,669.500000	,110.000000	,-189.000000	,-71.000000	,-180.500000	,-218.000000	,-319.500000	,-319.000000	,-43.500000	,28.500000	,83.500000	,112.500000	,147.000000	,124.500000	,37.500000	,41.500000	,41.000000	,159.500000	,128.500000	,197.500000	,276.500000	,227.500000	,155.000000	,
-262.000000	,-376.500000	,-277.500000	,-265.500000	,171.000000	,121.500000	,295.000000	,201.000000	,342.500000	,241.000000	,129.500000	,112.500000	,64.000000	,61.000000	,26.500000	,103.500000	,-24.000000	,108.000000	,3.000000	,-2.500000	,-27.500000	,327.500000	,600.000000	,723.500000	,458.500000	,539.500000	,248.500000	,395.500000	,306.500000	,353.500000	,112.000000	,-52.000000	,-279.500000	,175.000000	,134.000000	,21.500000	,-170.500000	,-365.500000	,-396.000000	,-262.500000	,-330.000000	,-58.500000	,-162.500000	,16.000000	,34.000000	,59.500000	,98.500000	,73.500000	,-263.500000	,-448.500000	,-573.500000	,-228.500000	,-259.000000	,-32.000000	,-63.000000	,-100.500000	,7.500000	,275.500000	,348.000000	,231.500000	,280.500000	,544.500000	,366.500000	,-122.000000	,-380.500000	,-277.000000	,-34.500000	,-107.000000	,78.000000	,-198.000000	,27.000000	,-185.500000	,-72.000000	,117.500000	,25.000000	,71.000000	,15.500000	,133.000000	,-8.000000	,100.000000	,81.000000	,70.500000	,159.000000	,265.000000	,200.500000	,-228.500000	,-357.500000	,-295.500000	,450.500000	,288.500000	,-29.000000	,-45.000000	,-215.500000	,-39.000000	,-200.500000	,-107.500000	,-168.000000	,-122.000000	,-368.500000	,-174.000000	,-90.000000	,302.000000	,229.500000	,112.500000	,27.500000	,214.500000	,297.500000	,57.500000	,-40.500000	,-402.500000	,-236.500000	,-0.500000	,151.500000	,210.500000	,318.500000	,437.500000	,322.000000	,122.500000	,180.000000	,134.000000	,546.000000	,92.500000	,84.500000	,-112.500000	,-87.000000	,13.000000	,-237.500000	,-157.000000	,104.000000	,-5.500000	,-111.000000	,-316.000000	,-313.000000	,-256.500000	,-124.500000	,60.500000	,-4.000000	,159.500000	,-218.500000	,-113.000000	,-245.000000	,-190.500000	,-5.500000	,264.000000	,505.000000	,405.000000	,405.000000	,210.000000	,200.000000	,516.000000	,394.000000	,347.500000	,127.000000	,119.000000	,31.000000	,135.500000	,20.000000	,-108.000000	,81.500000	,283.500000	,401.500000	,240.500000	,-118.000000	,-136.500000	,-66.500000	,260.000000	,326.500000	,265.500000	,-71.500000	,-359.000000	,-258.500000	,48.000000	,195.500000	,217.000000	,48.500000	,-268.000000	,-595.500000	,-500.500000	,-224.000000	,-189.500000	,-314.000000	,-529.500000	,-224.500000	,58.000000	,294.000000	,452.000000	,228.000000	,-48.500000	,-135.500000	,-284.500000	,-336.500000	,-139.500000	,-39.000000	,180.500000	,318.000000	,392.000000	,115.000000	,-227.500000	,163.000000	,-65.500000	,93.000000	,-131.500000	,-62.500000	,-82.000000	,96.500000	,146.000000	,14.000000	,-27.000000	,-148.500000	,-171.000000	,-72.500000	,-331.500000	,80.500000	,-2.000000	,131.500000	,-172.500000	,84.500000	,303.500000	,207.500000	,52.000000	,-39.500000	,-34.000000	,-221.000000	,-252.500000	,-313.500000	,-207.000000	,-226.500000	,-126.000000	,-34.500000	,-99.000000	,-61.000000	,-61.000000	,42.500000	,150.000000	,212.500000	,145.000000	,-18.500000	,-128.000000	,-31.000000	,-138.500000	,
38.000000	,-30.500000	,70.000000	,-153.000000	,-67.000000	,-166.000000	,-288.000000	,-220.500000	,-79.500000	,-14.000000	,37.000000	,170.500000	,-82.500000	,-118.500000	,96.000000	,254.000000	,375.500000	,124.000000	,-88.000000	,-182.500000	,-322.500000	,-100.500000	,388.000000	,207.000000	,400.000000	,-213.000000	,-100.500000	,-232.000000	,-41.500000	,8.500000	,61.000000	,100.500000	,245.500000	,-278.000000	,2.500000	,-278.000000	,107.500000	,28.000000	,-149.500000	,-468.000000	,-248.000000	,-51.500000	,421.500000	,609.000000	,331.500000	,398.000000	,169.000000	,-70.000000	,48.000000	,-36.500000	,27.500000	,54.000000	,-3.500000	,234.500000	,-17.500000	,-42.000000	,-168.500000	,100.000000	,-42.000000	,100.500000	,672.000000	,668.000000	,413.500000	,-231.500000	,32.000000	,379.500000	,524.000000	,332.000000	,55.000000	,-222.500000	,-296.000000	,-284.500000	,-110.000000	,-54.000000	,-16.000000	,-286.000000	,-215.000000	,-127.000000	,-108.500000	,116.500000	,14.000000	,185.000000	,361.500000	,328.500000	,203.000000	,-106.000000	,-158.000000	,-68.000000	,-298.500000	,287.500000	,56.500000	,427.500000	,98.000000	,102.500000	,296.500000	,-49.500000	,291.000000	,-178.500000	,319.500000	,-8.500000	,381.500000	,158.000000	,841.500000	,701.500000	,717.500000	,317.000000	,-47.000000	,36.500000	,-64.000000	,187.000000	,-22.500000	,41.500000	,65.500000	,24.000000	,109.500000	,-101.000000	,7.500000	,-120.000000	,76.000000	,-139.500000	,-194.500000	,-325.000000	,-381.500000	,-15.500000	,108.000000	,288.000000	,204.500000	,-7.000000	,-148.000000	,14.500000	,12.500000	,31.500000	,-62.000000	,-57.000000	,-238.000000	,-148.000000	,-334.000000	,-263.500000	,-228.500000	,-622.000000	,-208.500000	,-237.000000	,-10.000000	,-213.000000	,-264.000000	,-141.500000	,31.000000	,140.500000	,22.500000	,-104.000000	,-84.500000	,-10.000000	,476.500000	,558.500000	,547.500000	,-16.500000	,142.000000	,-116.500000	,-92.500000	,-229.000000	,-389.000000	,-34.000000	,201.500000	,368.500000	,626.000000	,423.000000	,284.000000	,26.500000	,42.000000	,-26.000000	,-157.500000	,-162.000000	,-271.500000	,-44.500000	,-137.000000	,-96.500000	,-436.000000	,-513.500000	,-750.000000	,-318.000000	,-103.000000	,261.500000	,129.500000	,74.000000	,-96.000000	,122.000000	,126.000000	,457.000000	,334.500000	,202.500000	,139.000000	,242.500000	,571.000000	,227.500000	,194.500000	,-63.500000	,298.500000	,359.000000	,175.000000	,259.000000	,-33.000000	,252.000000	,35.000000	,95.000000	,143.000000	,104.500000	,-136.500000	,-71.000000	,-15.000000	,248.500000	,91.500000	,47.000000	,89.000000	,313.000000	,271.000000	,649.500000	,383.500000	,475.000000	,10.000000	,125.000000	,37.000000	,217.500000	,282.000000	,510.500000	,472.000000	,256.500000	,240.000000	,23.500000	,100.000000	,-41.500000	,-78.000000	,-84.000000	,-163.500000	,-134.000000	,-126.500000	,-47.000000	,-52.500000	,136.000000	,-96.500000	,-109.500000	,
-11.500000	,131.500000	,182.000000	,202.500000	,-59.000000	,-145.000000	,96.000000	,-86.500000	,66.500000	,-50.500000	,180.500000	,64.000000	,145.000000	,-154.500000	,-61.500000	,-89.000000	,8.500000	,-29.000000	,34.500000	,104.500000	,-60.000000	,-279.000000	,-226.000000	,-153.000000	,216.500000	,40.500000	,-178.000000	,-141.000000	,-89.000000	,-120.000000	,244.000000	,54.000000	,-119.500000	,-201.500000	,-282.500000	,85.000000	,-20.500000	,18.000000	,136.500000	,180.500000	,308.500000	,224.000000	,64.500000	,-232.000000	,-477.000000	,-119.500000	,-101.000000	,-141.000000	,-88.500000	,238.000000	,234.000000	,574.000000	,198.500000	,285.500000	,144.500000	,392.500000	,260.500000	,101.000000	,-75.500000	,353.000000	,245.500000	,430.500000	,90.000000	,544.000000	,275.500000	,415.500000	,146.000000	,48.000000	,46.000000	,-9.500000	,-161.500000	,-84.000000	,-57.500000	,89.000000	,192.000000	,-67.000000	,-90.000000	,-475.500000	,-428.000000	,-292.000000	,-482.500000	,-226.000000	,164.500000	,-181.000000	,-476.500000	,-36.000000	,-325.500000	,-166.500000	,-757.500000	,-544.500000	,-267.500000	,-40.000000	,-19.500000	,121.500000	,54.500000	,127.500000	,36.000000	,-40.000000	,38.500000	,-44.000000	,-17.000000	,-348.500000	,151.000000	,-178.000000	,-201.500000	,-299.500000	,-214.500000	,-26.500000	,-131.500000	,199.000000	,-46.500000	,-97.000000	,-340.000000	,-280.500000	,-252.000000	,-184.500000	,-56.500000	,-38.500000	,-24.500000	,-23.500000	,124.000000	,208.000000	,123.500000	,162.500000	,244.000000	,189.000000	,235.000000	,77.500000	,-257.000000	,-209.000000	,-8.000000	,404.500000	,72.000000	,-62.500000	,-198.000000	,-672.500000	,10.000000	,-4.000000	,418.500000	,191.500000	,444.000000	,88.000000	,93.000000	,-132.500000	,-118.000000	,-16.500000	,-321.000000	,-222.000000	,-205.000000	,-453.000000	,-381.000000	,-192.500000	,512.500000	,345.000000	,627.500000	,34.000000	,222.500000	,312.500000	,-175.500000	,-233.000000	,-255.000000	,-378.000000	,-209.000000	,-261.500000	,-347.500000	,-478.000000	,-144.000000	,12.500000	,347.000000	,297.000000	,236.000000	,199.000000	,112.000000	,-326.000000	,-116.500000	,-295.500000	,-124.500000	,-518.000000	,-554.500000	,-559.000000	,115.000000	,303.000000	,198.500000	,107.500000	,-57.000000	,-163.000000	,-84.000000	,121.500000	,99.500000	,-74.000000	,10.000000	,184.500000	,-24.000000	,-219.500000	,-203.000000	,15.500000	,112.000000	,21.000000	,75.500000	,93.500000	,141.500000	,168.500000	,-126.500000	,119.000000	,-321.500000	,-80.000000	,-187.500000	,-122.000000	,263.000000	,182.500000	,-22.500000	,249.500000	,-300.000000	,-47.500000	,-141.500000	,68.500000	,123.500000	,84.000000	,136.500000	,-54.000000	,-4.500000	,-139.500000	,-39.000000	,-117.000000	,-171.000000	,-20.000000	,52.000000	,10.000000	,-109.500000	,-101.000000	,130.000000	,-20.000000	,-124.500000	,-221.500000	,-104.500000	,-110.500000	,-2.500000	,-10.000000	,-242.000000	,-134.000000	,
-101.000000	,-247.000000	,31.000000	,-20.500000	,15.500000	,193.000000	,166.000000	,208.000000	,-36.500000	,-147.000000	,-103.500000	,-151.500000	,125.000000	,17.500000	,41.500000	,-235.000000	,-171.000000	,-257.000000	,115.000000	,105.000000	,169.000000	,273.500000	,49.500000	,677.500000	,601.500000	,1012.000000	,414.000000	,258.000000	,271.500000	,190.000000	,157.500000	,231.500000	,54.000000	,118.000000	,73.500000	,-141.500000	,-111.000000	,116.500000	,368.000000	,247.500000	,420.000000	,421.500000	,348.500000	,334.000000	,-132.000000	,-160.500000	,-117.500000	,-103.000000	,71.500000	,56.500000	,35.000000	,-130.500000	,-358.000000	,-370.000000	,151.500000	,337.000000	,175.500000	,-99.500000	,560.500000	,437.500000	,496.500000	,53.000000	,135.500000	,200.500000	,141.500000	,6.000000	,-327.500000	,-178.000000	,-145.000000	,149.500000	,317.000000	,14.500000	,-100.000000	,-382.500000	,-451.500000	,116.000000	,-68.000000	,92.500000	,-113.500000	,16.000000	,56.500000	,-267.500000	,-46.500000	,-335.000000	,52.500000	,-408.000000	,-89.500000	,84.000000	,408.000000	,136.000000	,-105.000000	,-328.000000	,-53.000000	,-164.000000	,-285.500000	,-94.500000	,-275.500000	,394.500000	,7.500000	,260.500000	,-126.500000	,17.000000	,146.500000	,-177.500000	,14.000000	,-195.500000	,161.500000	,-124.500000	,38.000000	,-158.500000	,65.000000	,449.500000	,380.500000	,161.000000	,80.000000	,-3.500000	,-46.500000	,-77.500000	,-238.500000	,-102.000000	,58.500000	,219.000000	,107.000000	,58.500000	,93.000000	,-408.000000	,109.500000	,126.000000	,122.000000	,233.500000	,40.500000	,-156.000000	,-234.500000	,-271.500000	,-577.000000	,-476.500000	,-651.500000	,64.000000	,113.500000	,408.000000	,197.000000	,184.500000	,-203.000000	,-408.500000	,-37.000000	,-230.500000	,354.000000	,324.000000	,584.000000	,325.500000	,379.500000	,158.000000	,-12.500000	,122.500000	,56.500000	,290.500000	,98.500000	,80.500000	,-46.000000	,-94.000000	,255.500000	,190.000000	,173.500000	,-294.000000	,-668.500000	,-458.500000	,-311.000000	,130.500000	,177.000000	,386.000000	,384.500000	,105.000000	,205.500000	,-127.500000	,-173.000000	,-338.000000	,-410.500000	,-258.000000	,-429.000000	,-710.500000	,-821.000000	,-262.500000	,-102.500000	,127.500000	,164.000000	,-92.500000	,20.000000	,-225.000000	,-438.500000	,-292.000000	,-230.000000	,33.000000	,-68.500000	,149.000000	,36.500000	,187.000000	,-88.000000	,-322.500000	,-144.500000	,-146.000000	,19.500000	,315.500000	,324.500000	,272.000000	,275.500000	,15.000000	,-45.500000	,-159.000000	,-115.000000	,-218.500000	,173.500000	,328.500000	,363.000000	,50.500000	,52.500000	,-40.500000	,-87.000000	,-125.000000	,-2.000000	,-216.000000	,-36.000000	,-156.000000	,-189.000000	,-40.000000	,-311.500000	,-187.000000	,-258.000000	,-252.000000	,-99.000000	,-212.000000	,-3.500000	,-368.000000	,-23.000000	,-52.500000	,204.000000	,117.500000	,-255.000000	,-237.000000	,-27.500000	,196.500000	,
-98.000000	,-14.500000	,-184.500000	,67.000000	,-56.500000	,-5.500000	,-19.500000	,-69.500000	,61.500000	,-82.500000	,-86.000000	,-50.000000	,147.000000	,309.500000	,54.000000	,74.000000	,-103.500000	,-72.500000	,74.500000	,-18.500000	,252.500000	,268.000000	,322.000000	,-103.000000	,568.500000	,376.500000	,821.000000	,245.000000	,118.000000	,65.500000	,-198.000000	,159.000000	,-114.000000	,179.500000	,174.500000	,522.000000	,429.500000	,201.500000	,-114.500000	,-237.000000	,-402.000000	,-251.500000	,-113.000000	,149.000000	,82.500000	,-19.500000	,-151.000000	,-81.500000	,-44.000000	,15.500000	,141.500000	,53.500000	,111.000000	,5.500000	,-22.500000	,-548.000000	,-383.500000	,89.500000	,276.000000	,475.500000	,280.000000	,73.000000	,-14.000000	,-388.000000	,-58.000000	,130.000000	,154.500000	,-80.000000	,-48.500000	,-86.000000	,158.500000	,191.000000	,43.000000	,56.500000	,-142.000000	,-526.500000	,6.500000	,-136.000000	,228.000000	,136.500000	,257.000000	,-217.500000	,-720.500000	,-401.000000	,-80.500000	,81.000000	,-43.000000	,-21.500000	,461.000000	,559.000000	,561.500000	,173.500000	,154.500000	,105.000000	,-35.000000	,183.500000	,127.500000	,156.000000	,196.000000	,37.000000	,102.500000	,-14.000000	,-52.500000	,100.000000	,67.000000	,252.500000	,-12.000000	,-56.000000	,48.000000	,25.500000	,282.500000	,182.500000	,205.000000	,-50.500000	,-22.000000	,79.500000	,60.500000	,62.500000	,85.500000	,-93.500000	,4.500000	,-312.000000	,-436.000000	,-227.000000	,-184.500000	,-356.000000	,227.000000	,65.500000	,215.000000	,-70.000000	,143.000000	,25.000000	,154.000000	,169.500000	,184.000000	,146.500000	,49.000000	,-65.000000	,-192.000000	,-531.000000	,-526.500000	,-402.000000	,-164.500000	,-142.000000	,73.000000	,20.500000	,-47.500000	,-96.000000	,-395.000000	,135.000000	,-58.500000	,7.500000	,-8.500000	,671.000000	,384.000000	,512.000000	,33.500000	,140.500000	,245.000000	,32.000000	,-324.000000	,-280.500000	,-223.500000	,177.000000	,373.000000	,239.000000	,-32.500000	,-543.500000	,-96.000000	,-192.500000	,-59.000000	,-74.000000	,-352.000000	,121.500000	,-59.500000	,-8.000000	,286.000000	,-242.500000	,-101.000000	,-854.500000	,-693.500000	,-819.000000	,-343.000000	,-40.500000	,115.500000	,209.000000	,75.000000	,-75.000000	,-201.500000	,-37.000000	,-144.000000	,-241.000000	,-45.500000	,209.500000	,404.000000	,-6.500000	,-286.500000	,-233.000000	,-183.500000	,-4.000000	,-50.500000	,-7.000000	,-211.500000	,-222.500000	,-407.500000	,-180.500000	,-359.000000	,119.500000	,-112.500000	,-9.500000	,-451.500000	,-176.500000	,61.500000	,258.500000	,142.500000	,39.500000	,-186.000000	,-40.000000	,-67.000000	,280.500000	,182.000000	,210.500000	,295.000000	,400.000000	,424.500000	,240.500000	,-78.500000	,126.500000	,7.000000	,352.000000	,146.500000	,221.500000	,139.000000	,-14.000000	,-35.500000	,-46.000000	,-149.500000	,-125.000000	,-180.500000	,-102.000000	,
193.500000	,269.500000	,-51.000000	,-92.500000	,-253.000000	,-60.000000	,-237.000000	,-142.500000	,-319.500000	,-270.500000	,-153.500000	,-252.500000	,-153.000000	,-57.000000	,134.000000	,296.000000	,191.000000	,286.000000	,-55.500000	,101.000000	,-86.000000	,-18.000000	,-266.000000	,-186.500000	,-63.000000	,78.000000	,302.000000	,-158.000000	,-173.000000	,-533.500000	,-160.500000	,-141.000000	,219.000000	,-116.000000	,275.500000	,171.000000	,85.000000	,-34.500000	,-121.500000	,80.000000	,96.000000	,-99.500000	,1.500000	,-105.500000	,91.500000	,141.500000	,329.500000	,331.000000	,269.000000	,63.000000	,174.500000	,86.000000	,23.500000	,34.500000	,-237.500000	,-267.500000	,336.500000	,577.500000	,604.000000	,-244.000000	,-291.000000	,-560.500000	,-26.500000	,-356.500000	,88.500000	,-241.500000	,22.500000	,173.000000	,-117.000000	,83.000000	,-222.000000	,-84.000000	,123.500000	,72.000000	,78.000000	,-296.500000	,-37.500000	,-264.000000	,-75.000000	,-129.500000	,45.000000	,231.000000	,-506.500000	,-948.500000	,-712.500000	,-208.000000	,127.500000	,-41.000000	,-220.000000	,-256.500000	,-105.500000	,-14.000000	,194.500000	,-62.500000	,-10.000000	,-170.000000	,-236.500000	,-429.000000	,-174.000000	,-327.500000	,249.000000	,67.000000	,392.500000	,-96.500000	,-105.500000	,-251.500000	,90.000000	,117.500000	,368.500000	,18.000000	,-56.000000	,-34.500000	,-180.000000	,-157.500000	,-224.500000	,-304.000000	,47.500000	,-118.000000	,56.000000	,-301.000000	,62.000000	,-132.000000	,-31.500000	,-166.500000	,66.000000	,4.000000	,-5.000000	,96.000000	,82.500000	,423.000000	,321.000000	,486.000000	,306.000000	,143.500000	,174.500000	,156.000000	,110.000000	,43.500000	,93.000000	,57.500000	,25.500000	,67.000000	,136.500000	,61.000000	,-68.500000	,61.000000	,-496.500000	,-124.500000	,-417.000000	,-177.000000	,-342.000000	,-142.500000	,-65.000000	,273.500000	,162.500000	,248.500000	,-79.500000	,-287.000000	,157.000000	,260.000000	,329.000000	,54.000000	,60.500000	,155.000000	,453.500000	,172.500000	,90.500000	,-120.500000	,-280.000000	,-286.000000	,-348.000000	,296.000000	,251.000000	,217.500000	,161.500000	,8.500000	,44.500000	,87.500000	,-53.000000	,162.500000	,-197.000000	,-485.500000	,-787.000000	,-757.500000	,-471.000000	,-337.000000	,43.000000	,-145.000000	,189.500000	,-78.000000	,160.500000	,-218.500000	,-176.000000	,-347.000000	,-129.000000	,-380.000000	,-119.500000	,-203.000000	,-31.000000	,-376.500000	,-648.500000	,-703.500000	,-688.000000	,-50.500000	,-17.500000	,113.000000	,-56.000000	,-234.500000	,235.000000	,183.500000	,258.500000	,-99.500000	,107.000000	,194.000000	,33.000000	,219.500000	,305.500000	,246.500000	,123.000000	,-256.500000	,-103.000000	,-233.000000	,-46.000000	,-88.500000	,112.500000	,157.500000	,167.000000	,110.500000	,9.500000	,30.000000	,17.500000	,188.500000	,263.000000	,238.000000	,70.500000	,15.500000	,238.000000	,212.000000	,189.500000	,-223.500000	,
281.000000	,262.500000	,159.000000	,-87.000000	,217.000000	,81.500000	,58.500000	,135.500000	,-124.000000	,353.500000	,223.000000	,260.500000	,-11.000000	,-52.000000	,-68.000000	,-69.000000	,-38.000000	,12.500000	,-170.500000	,-60.000000	,-147.000000	,-111.000000	,-93.000000	,114.500000	,6.500000	,577.000000	,384.000000	,769.500000	,-43.000000	,-210.000000	,-355.000000	,-390.000000	,-279.000000	,-223.500000	,-163.500000	,-6.000000	,-189.500000	,5.500000	,16.000000	,150.000000	,157.500000	,-100.500000	,-78.000000	,-58.000000	,-15.500000	,-198.500000	,-82.500000	,47.500000	,424.500000	,471.000000	,136.500000	,-79.500000	,-503.000000	,-219.500000	,249.000000	,1127.000000	,860.000000	,799.500000	,491.000000	,327.000000	,123.500000	,-164.000000	,-138.500000	,168.500000	,350.500000	,418.000000	,-4.500000	,90.000000	,94.500000	,-54.000000	,-299.000000	,-380.000000	,-111.000000	,140.000000	,116.500000	,471.500000	,-32.000000	,249.500000	,-41.500000	,-108.000000	,-233.500000	,-321.000000	,-213.000000	,-106.500000	,-185.500000	,-155.000000	,78.500000	,138.500000	,-158.500000	,-265.500000	,-294.000000	,-90.000000	,-58.000000	,191.000000	,186.000000	,41.000000	,-251.000000	,-421.000000	,-122.000000	,-115.000000	,-12.000000	,269.500000	,381.500000	,473.000000	,344.000000	,218.500000	,180.500000	,179.500000	,86.500000	,137.500000	,-7.500000	,124.500000	,69.000000	,306.500000	,125.000000	,205.000000	,-109.000000	,137.500000	,150.000000	,-13.500000	,183.000000	,-55.000000	,-218.000000	,-183.000000	,-175.000000	,9.000000	,-325.000000	,-419.500000	,-285.500000	,-178.000000	,-25.000000	,-149.500000	,-253.500000	,-175.500000	,-16.000000	,-53.000000	,57.500000	,-209.500000	,-66.500000	,184.000000	,320.500000	,359.000000	,-80.500000	,75.500000	,-151.000000	,71.000000	,386.500000	,37.500000	,128.500000	,-496.000000	,-376.000000	,-263.000000	,-141.500000	,-7.000000	,551.000000	,307.500000	,201.500000	,-317.500000	,133.500000	,141.500000	,420.500000	,158.000000	,189.000000	,-92.500000	,-469.000000	,-248.500000	,-46.000000	,386.500000	,504.500000	,381.000000	,467.500000	,-58.000000	,191.500000	,94.000000	,415.500000	,312.000000	,133.500000	,281.000000	,40.500000	,101.500000	,22.000000	,-259.000000	,-363.500000	,-481.500000	,-475.000000	,-162.000000	,-348.500000	,180.500000	,268.000000	,288.000000	,302.500000	,469.000000	,167.000000	,28.500000	,-146.000000	,-111.500000	,146.500000	,119.000000	,297.000000	,-33.000000	,182.000000	,-53.500000	,182.500000	,27.000000	,217.000000	,131.000000	,296.000000	,237.500000	,86.500000	,197.000000	,145.000000	,115.000000	,-74.500000	,-8.000000	,169.000000	,201.500000	,147.500000	,-100.500000	,-39.000000	,-343.500000	,-73.500000	,-277.500000	,-67.500000	,-262.500000	,-177.000000	,-190.500000	,-42.000000	,-54.000000	,-117.000000	,-214.500000	,-94.500000	,-21.000000	,31.500000	,-65.000000	,-86.000000	,-119.000000	,-65.500000	,-16.000000	,-57.500000	,-57.500000	,
-164.000000	,-230.500000	,-199.500000	,-31.500000	,46.500000	,11.000000	,140.500000	,143.500000	,361.000000	,114.000000	,193.000000	,22.500000	,32.000000	,-59.000000	,-153.000000	,-60.000000	,-23.000000	,10.000000	,295.000000	,150.000000	,207.000000	,167.500000	,407.000000	,417.500000	,191.500000	,-114.000000	,368.000000	,102.500000	,530.500000	,96.500000	,153.000000	,72.000000	,-121.000000	,150.500000	,63.000000	,312.500000	,-80.000000	,109.500000	,-14.500000	,338.000000	,298.500000	,-142.000000	,-27.000000	,-416.500000	,-46.000000	,-168.500000	,-390.500000	,-179.000000	,132.000000	,131.000000	,-15.500000	,-92.000000	,128.000000	,217.000000	,688.000000	,537.500000	,350.000000	,-19.500000	,28.500000	,244.000000	,283.500000	,297.500000	,311.500000	,-263.000000	,-369.000000	,-352.500000	,-218.000000	,33.000000	,26.500000	,10.500000	,-75.000000	,-198.000000	,-365.000000	,-163.000000	,-166.000000	,-47.500000	,-245.000000	,-418.500000	,-118.000000	,-74.500000	,-542.500000	,-886.500000	,-844.500000	,-202.500000	,28.500000	,-196.500000	,-129.000000	,-30.000000	,268.500000	,139.500000	,309.500000	,44.000000	,132.500000	,243.500000	,461.000000	,413.000000	,539.000000	,333.500000	,94.500000	,-17.000000	,-100.000000	,230.000000	,-200.000000	,-120.500000	,-177.000000	,-398.500000	,-230.000000	,-524.000000	,-325.500000	,-372.000000	,-262.000000	,-299.500000	,-168.000000	,-149.000000	,82.000000	,-55.500000	,-84.000000	,-390.000000	,-307.500000	,-207.000000	,197.000000	,263.500000	,381.000000	,324.000000	,10.000000	,26.000000	,-73.500000	,-33.500000	,49.500000	,356.500000	,-52.000000	,-20.500000	,-199.000000	,123.500000	,252.500000	,-12.000000	,-45.500000	,-290.500000	,-87.000000	,-125.500000	,-20.500000	,-250.000000	,6.000000	,104.000000	,-71.500000	,-7.500000	,-158.500000	,125.500000	,149.000000	,326.000000	,20.500000	,3.500000	,-101.000000	,-252.000000	,-222.000000	,213.000000	,482.000000	,678.500000	,91.000000	,-99.500000	,-370.500000	,13.500000	,110.000000	,194.500000	,-85.000000	,39.000000	,33.500000	,190.500000	,270.000000	,182.500000	,313.000000	,-78.500000	,-6.500000	,261.500000	,131.000000	,-157.500000	,-327.000000	,-371.000000	,-135.500000	,312.500000	,-44.500000	,80.500000	,-587.000000	,-387.500000	,-502.500000	,-119.000000	,160.500000	,121.000000	,168.000000	,179.500000	,57.500000	,309.000000	,202.000000	,32.000000	,-162.500000	,-350.500000	,-443.500000	,-133.500000	,-29.500000	,290.000000	,235.500000	,427.500000	,208.500000	,36.500000	,206.500000	,-23.000000	,152.500000	,64.500000	,-126.500000	,-106.000000	,-144.500000	,-96.000000	,-113.000000	,-120.000000	,24.000000	,84.000000	,90.000000	,176.500000	,143.500000	,363.000000	,182.000000	,158.000000	,-112.500000	,-103.000000	,-91.000000	,-83.500000	,42.000000	,-18.000000	,51.000000	,-277.500000	,-125.000000	,-231.500000	,-2.000000	,-29.500000	,116.000000	,-79.000000	,-217.000000	,-70.500000	,-93.000000	,-13.500000	,
-182.500000	,68.000000	,147.000000	,287.000000	,284.500000	,51.000000	,-14.000000	,-184.500000	,-136.500000	,-208.500000	,-108.000000	,-201.000000	,-117.500000	,-191.000000	,104.000000	,101.500000	,143.500000	,75.000000	,52.500000	,57.000000	,-23.000000	,-0.500000	,-20.000000	,-37.500000	,60.000000	,175.500000	,166.000000	,273.000000	,514.000000	,369.000000	,71.000000	,42.500000	,195.500000	,-57.500000	,-110.500000	,-401.500000	,-70.000000	,-63.500000	,194.000000	,-5.000000	,-29.000000	,3.000000	,-353.000000	,-342.000000	,-153.000000	,110.000000	,-63.500000	,-282.500000	,-782.500000	,-613.000000	,-705.500000	,53.500000	,264.500000	,812.000000	,424.000000	,268.500000	,65.000000	,-358.500000	,-111.000000	,-337.500000	,102.000000	,125.500000	,93.000000	,172.500000	,-226.500000	,154.000000	,19.000000	,119.500000	,-430.000000	,-203.500000	,-279.000000	,-52.500000	,62.500000	,-131.000000	,-78.000000	,310.000000	,33.500000	,389.500000	,21.000000	,363.000000	,82.500000	,278.000000	,15.500000	,230.000000	,-112.500000	,-3.500000	,-124.000000	,147.000000	,-216.000000	,-481.500000	,-532.500000	,-121.500000	,-73.500000	,33.000000	,-235.000000	,248.500000	,566.000000	,545.000000	,422.000000	,17.500000	,515.000000	,509.500000	,303.000000	,93.500000	,74.000000	,-7.500000	,-98.000000	,-376.000000	,-142.000000	,-296.000000	,-107.000000	,-298.000000	,-361.000000	,-165.000000	,-76.000000	,148.500000	,225.000000	,-108.000000	,-424.500000	,-713.000000	,-494.500000	,-88.000000	,292.500000	,226.000000	,187.000000	,143.500000	,316.500000	,513.000000	,314.500000	,119.500000	,10.000000	,16.000000	,260.500000	,35.500000	,-63.500000	,-675.500000	,-648.500000	,-245.000000	,27.000000	,394.500000	,27.500000	,84.000000	,-33.000000	,-66.000000	,-49.500000	,-328.000000	,-263.000000	,-183.000000	,237.500000	,551.000000	,486.500000	,612.500000	,418.500000	,263.000000	,82.500000	,319.000000	,517.500000	,883.500000	,335.500000	,226.500000	,223.000000	,224.500000	,305.000000	,-10.000000	,235.500000	,257.000000	,341.500000	,-230.000000	,-391.000000	,-436.000000	,57.000000	,-15.000000	,130.500000	,-184.500000	,-312.000000	,-288.500000	,-47.000000	,282.500000	,200.000000	,193.500000	,80.000000	,275.000000	,522.000000	,-295.500000	,-327.500000	,-649.000000	,-109.000000	,-156.500000	,101.000000	,39.500000	,285.500000	,-53.000000	,-134.000000	,-53.500000	,53.500000	,118.000000	,129.000000	,-19.000000	,-72.000000	,-91.000000	,72.000000	,98.500000	,167.000000	,-158.000000	,19.000000	,194.000000	,-104.500000	,-45.000000	,-346.000000	,-178.000000	,-43.000000	,136.500000	,60.500000	,107.000000	,-29.000000	,-105.500000	,-203.000000	,-243.500000	,-88.000000	,154.500000	,153.000000	,53.000000	,-181.500000	,74.000000	,7.000000	,117.500000	,25.000000	,288.000000	,300.000000	,276.500000	,99.000000	,33.000000	,-117.000000	,104.000000	,104.000000	,64.000000	,96.000000	,193.000000	,384.500000	,151.500000	,
100.500000	,174.500000	,134.000000	,2.000000	,-106.500000	,14.000000	,25.000000	,49.500000	,-117.500000	,-108.000000	,7.000000	,293.000000	,91.500000	,120.500000	,-224.000000	,-159.500000	,-244.500000	,-106.500000	,37.500000	,-36.000000	,-31.500000	,-154.500000	,-156.000000	,-135.000000	,-165.000000	,-150.500000	,-35.500000	,678.500000	,670.500000	,845.000000	,153.000000	,170.000000	,236.000000	,175.500000	,17.500000	,-8.500000	,24.500000	,310.000000	,47.500000	,49.000000	,-102.000000	,150.000000	,391.000000	,347.500000	,456.000000	,637.000000	,487.000000	,169.000000	,316.500000	,18.000000	,244.500000	,482.000000	,988.000000	,718.000000	,141.000000	,-69.000000	,-246.000000	,149.500000	,-155.500000	,86.500000	,-20.000000	,189.000000	,31.000000	,246.000000	,-12.000000	,12.000000	,5.500000	,14.500000	,334.000000	,43.000000	,217.500000	,103.000000	,278.000000	,144.500000	,70.000000	,-248.000000	,348.000000	,30.500000	,445.500000	,-104.000000	,174.500000	,109.000000	,152.000000	,257.500000	,211.000000	,236.500000	,-190.000000	,-358.000000	,-284.500000	,-188.500000	,115.500000	,248.000000	,278.500000	,96.500000	,63.500000	,-347.500000	,-94.500000	,-241.000000	,331.500000	,55.500000	,477.500000	,189.000000	,116.000000	,69.500000	,-171.500000	,-118.500000	,113.500000	,-58.000000	,211.500000	,49.500000	,238.000000	,365.000000	,28.000000	,-32.500000	,-270.000000	,-91.500000	,45.500000	,237.000000	,283.500000	,275.500000	,352.000000	,229.000000	,17.500000	,-122.500000	,-129.500000	,-6.500000	,300.000000	,300.000000	,-31.000000	,-388.500000	,-405.000000	,168.500000	,-20.500000	,9.500000	,-316.500000	,10.000000	,-44.500000	,-199.500000	,-122.500000	,119.500000	,81.500000	,-71.000000	,-386.000000	,167.000000	,271.500000	,604.500000	,314.000000	,72.500000	,-21.000000	,62.000000	,135.000000	,125.500000	,-60.500000	,-191.500000	,19.500000	,-192.000000	,143.000000	,-75.000000	,233.500000	,-173.000000	,-375.000000	,-459.500000	,-516.000000	,106.000000	,3.500000	,-31.000000	,-380.500000	,-49.000000	,23.500000	,93.000000	,-47.500000	,-105.000000	,-357.000000	,-423.500000	,-114.500000	,-0.500000	,478.000000	,116.000000	,56.000000	,-95.000000	,105.500000	,92.000000	,-205.000000	,-248.500000	,-360.000000	,-231.000000	,-593.000000	,-307.000000	,-306.000000	,-174.000000	,-124.000000	,2.000000	,338.500000	,359.000000	,427.500000	,220.500000	,84.000000	,18.500000	,-52.500000	,-13.500000	,157.000000	,272.500000	,187.500000	,-6.500000	,-190.500000	,-188.500000	,156.000000	,483.000000	,423.500000	,144.500000	,61.500000	,-139.500000	,103.000000	,-51.500000	,-71.000000	,-226.500000	,-238.500000	,-156.000000	,-157.500000	,-130.500000	,-9.500000	,8.500000	,108.000000	,-37.000000	,-205.000000	,-132.000000	,-145.500000	,-132.000000	,-156.000000	,-88.500000	,-31.500000	,45.500000	,-113.500000	,3.500000	,-58.500000	,-25.500000	,-102.000000	,-100.500000	,-189.000000	,-127.000000	,
-89.500000	,-85.500000	,-130.000000	,-289.500000	,-366.000000	,-249.500000	,-279.500000	,-144.000000	,-147.500000	,-69.500000	,-81.500000	,-112.000000	,-34.500000	,-90.500000	,-413.000000	,-277.500000	,-312.000000	,-114.500000	,-6.500000	,-116.000000	,-213.000000	,-246.000000	,-57.500000	,-72.500000	,-5.000000	,-261.000000	,-110.500000	,-155.500000	,472.000000	,822.500000	,951.500000	,462.000000	,257.000000	,248.500000	,523.000000	,266.500000	,-101.500000	,28.000000	,144.500000	,180.000000	,-116.000000	,-197.000000	,-46.000000	,186.000000	,-30.500000	,31.500000	,-411.500000	,-289.000000	,51.500000	,-87.500000	,453.500000	,286.500000	,274.500000	,-30.500000	,-30.000000	,93.500000	,99.000000	,239.000000	,299.500000	,351.500000	,-4.000000	,-52.500000	,-90.500000	,-54.000000	,128.500000	,-85.000000	,-6.000000	,-161.000000	,-271.000000	,-44.000000	,103.000000	,25.000000	,-271.500000	,-325.000000	,-276.000000	,-325.000000	,240.500000	,44.000000	,14.000000	,-481.500000	,-563.000000	,-582.000000	,-16.000000	,-29.500000	,127.500000	,-53.000000	,-249.000000	,-156.000000	,37.000000	,210.000000	,178.500000	,-10.000000	,-84.000000	,172.500000	,351.000000	,-104.500000	,-276.000000	,-270.500000	,-214.000000	,-223.500000	,-464.500000	,-167.500000	,-39.500000	,416.000000	,359.500000	,139.500000	,87.000000	,309.000000	,203.500000	,285.500000	,50.000000	,-113.000000	,-61.500000	,-10.000000	,-216.000000	,-160.000000	,-270.000000	,110.500000	,227.000000	,240.500000	,191.000000	,-175.000000	,-224.500000	,-363.500000	,-3.500000	,145.000000	,-10.000000	,-190.500000	,-232.000000	,-129.500000	,-14.000000	,-541.000000	,-249.000000	,-294.000000	,81.500000	,540.000000	,-53.500000	,-61.500000	,-576.000000	,-10.000000	,172.000000	,-179.500000	,155.500000	,51.000000	,189.500000	,384.000000	,437.000000	,215.000000	,-105.000000	,-522.000000	,-428.500000	,-238.000000	,-130.000000	,-164.500000	,-18.500000	,-449.500000	,-224.500000	,-387.000000	,-27.000000	,-273.500000	,-112.500000	,-365.500000	,73.000000	,190.500000	,64.000000	,27.500000	,-176.000000	,114.500000	,-186.500000	,-272.000000	,-456.000000	,-48.000000	,-61.500000	,83.000000	,-13.000000	,239.000000	,103.000000	,412.500000	,54.500000	,166.000000	,-343.500000	,-242.500000	,-297.000000	,-119.000000	,19.000000	,-210.500000	,-386.500000	,-406.500000	,-651.500000	,-107.500000	,-226.500000	,19.000000	,-77.000000	,-168.500000	,45.500000	,1.000000	,280.000000	,-247.000000	,-62.000000	,-516.500000	,90.000000	,-75.500000	,-33.500000	,-52.500000	,-182.500000	,-158.500000	,-101.000000	,59.500000	,145.000000	,-46.000000	,66.500000	,-84.500000	,27.000000	,6.500000	,-230.000000	,71.000000	,70.000000	,385.000000	,157.500000	,43.000000	,-78.500000	,-33.500000	,193.000000	,-25.500000	,280.000000	,110.500000	,37.000000	,-253.500000	,-283.500000	,-210.000000	,-54.500000	,-86.000000	,78.500000	,20.500000	,67.000000	,155.000000	,357.500000	,453.500000	,248.000000	,-9.500000	,
-120.500000	,15.500000	,-57.500000	,-64.000000	,21.000000	,-59.500000	,256.000000	,72.500000	,265.000000	,300.000000	,251.500000	,158.500000	,134.500000	,80.500000	,303.500000	,251.000000	,275.000000	,-140.000000	,-174.000000	,-406.500000	,-245.000000	,-123.500000	,-3.500000	,97.500000	,97.000000	,166.500000	,247.500000	,-1.000000	,150.500000	,334.500000	,444.500000	,120.500000	,-294.000000	,-547.500000	,-615.000000	,-374.000000	,-324.500000	,-550.000000	,-346.500000	,-504.000000	,-111.500000	,-350.500000	,-198.500000	,-240.000000	,62.000000	,61.000000	,271.000000	,277.500000	,48.500000	,189.500000	,447.000000	,359.500000	,336.500000	,-126.500000	,220.000000	,17.500000	,-166.500000	,-138.000000	,-196.500000	,164.000000	,149.000000	,-80.000000	,-257.500000	,-58.500000	,172.500000	,-185.000000	,-444.500000	,-253.000000	,-219.500000	,255.000000	,-2.000000	,287.000000	,195.000000	,185.000000	,-91.500000	,-210.500000	,-70.500000	,-83.500000	,-238.000000	,-524.500000	,-271.000000	,-87.000000	,-94.000000	,-123.500000	,-268.000000	,57.000000	,80.500000	,347.000000	,265.500000	,276.000000	,337.000000	,313.000000	,35.000000	,-125.000000	,-185.500000	,164.500000	,144.500000	,459.000000	,193.000000	,5.000000	,-13.500000	,-176.500000	,-75.000000	,-301.000000	,-365.500000	,-147.500000	,42.500000	,175.500000	,44.000000	,-176.000000	,-405.000000	,-305.000000	,22.000000	,-15.500000	,119.500000	,-69.500000	,98.000000	,-97.500000	,-74.500000	,-166.000000	,104.000000	,15.500000	,20.500000	,228.500000	,256.000000	,61.500000	,-209.500000	,-505.500000	,-440.000000	,-257.000000	,-34.500000	,151.500000	,108.500000	,139.000000	,151.000000	,209.000000	,326.000000	,323.500000	,230.500000	,3.000000	,83.000000	,164.000000	,391.500000	,413.000000	,109.500000	,-193.500000	,-492.000000	,-337.000000	,-248.500000	,-181.000000	,208.500000	,-2.500000	,226.500000	,19.500000	,86.000000	,286.500000	,109.000000	,564.500000	,389.500000	,610.500000	,111.000000	,275.000000	,26.000000	,53.000000	,-210.500000	,-136.000000	,-216.500000	,-3.500000	,-305.500000	,-20.000000	,-110.500000	,306.500000	,42.000000	,-83.000000	,-137.500000	,18.000000	,-64.000000	,-170.500000	,-199.500000	,-373.500000	,-317.000000	,-138.500000	,34.000000	,342.000000	,-53.500000	,-37.500000	,-540.500000	,-446.500000	,-595.000000	,-200.000000	,-54.500000	,-288.000000	,-471.000000	,-52.500000	,-90.500000	,191.500000	,156.000000	,489.500000	,469.500000	,390.500000	,70.500000	,-177.000000	,-166.000000	,13.500000	,146.000000	,-95.500000	,22.000000	,-191.000000	,90.000000	,263.000000	,396.500000	,439.000000	,178.500000	,117.000000	,80.000000	,195.000000	,36.000000	,-12.000000	,62.500000	,68.000000	,82.500000	,-5.500000	,43.000000	,108.500000	,62.500000	,67.000000	,-183.000000	,44.500000	,-38.500000	,83.000000	,117.000000	,94.500000	,59.000000	,-26.000000	,-186.000000	,-106.500000	,-156.500000	,-90.500000	,-270.500000	,-127.000000	,
-106.000000	,-78.000000	,-155.500000	,265.000000	,197.500000	,289.000000	,98.500000	,74.000000	,104.000000	,-277.500000	,-154.000000	,-426.000000	,-240.500000	,-22.000000	,213.500000	,293.500000	,160.500000	,36.000000	,-71.000000	,29.500000	,8.000000	,92.500000	,-50.000000	,-273.000000	,-80.500000	,-132.500000	,68.500000	,-82.500000	,-134.000000	,-20.500000	,110.000000	,486.000000	,-60.000000	,-377.500000	,-185.000000	,208.500000	,301.000000	,372.500000	,-146.500000	,35.000000	,-125.000000	,18.500000	,-52.500000	,-124.000000	,-170.000000	,139.000000	,276.500000	,653.000000	,378.000000	,762.000000	,350.500000	,632.500000	,245.500000	,487.000000	,-10.500000	,285.000000	,316.000000	,356.000000	,340.500000	,-132.500000	,-303.000000	,-334.000000	,-453.000000	,-143.500000	,9.000000	,271.500000	,648.500000	,494.000000	,501.500000	,-30.000000	,121.000000	,-450.000000	,25.000000	,154.500000	,488.500000	,337.500000	,-236.000000	,-84.000000	,-485.000000	,-176.000000	,-738.000000	,-135.000000	,-232.000000	,-10.000000	,-51.000000	,38.500000	,36.500000	,455.000000	,135.500000	,418.500000	,5.000000	,-189.500000	,-307.500000	,-529.500000	,-145.500000	,-118.500000	,-22.000000	,-192.500000	,146.500000	,246.000000	,557.500000	,294.000000	,54.000000	,-293.000000	,1.500000	,193.000000	,122.000000	,58.500000	,-15.000000	,122.000000	,265.500000	,27.500000	,-81.500000	,80.500000	,71.000000	,201.500000	,-295.000000	,-256.500000	,-97.000000	,-197.000000	,-318.500000	,-81.500000	,-35.500000	,132.500000	,13.000000	,-256.000000	,-179.500000	,175.000000	,321.500000	,25.500000	,234.500000	,157.500000	,374.000000	,55.000000	,108.500000	,-403.500000	,-558.000000	,-469.500000	,-468.000000	,26.500000	,-72.500000	,38.000000	,89.500000	,-106.500000	,-133.000000	,-432.500000	,-171.000000	,-221.500000	,-10.000000	,265.000000	,214.500000	,-73.500000	,-127.000000	,-115.500000	,317.500000	,661.000000	,411.000000	,654.500000	,410.500000	,978.000000	,419.000000	,351.000000	,-149.000000	,-144.000000	,-175.000000	,-206.000000	,0.500000	,111.000000	,256.500000	,335.000000	,249.500000	,227.500000	,7.000000	,-205.500000	,-116.000000	,-162.500000	,-341.000000	,-261.500000	,-181.000000	,225.000000	,531.000000	,213.500000	,197.500000	,138.000000	,-44.000000	,12.500000	,-43.500000	,-517.500000	,-178.000000	,-399.500000	,146.000000	,317.500000	,-69.000000	,-67.000000	,-135.500000	,-411.000000	,49.000000	,305.500000	,316.000000	,-75.500000	,-234.500000	,-552.000000	,-353.500000	,-353.500000	,-36.500000	,325.500000	,168.000000	,330.500000	,104.500000	,249.500000	,196.500000	,51.500000	,-54.500000	,-151.500000	,33.000000	,37.500000	,188.500000	,-84.500000	,-144.500000	,-197.500000	,-203.500000	,-29.500000	,-144.500000	,6.500000	,-41.500000	,-107.000000	,188.500000	,164.500000	,290.500000	,-239.000000	,-60.500000	,-218.000000	,-167.000000	,-233.000000	,-197.000000	,-214.500000	,-131.500000	,-103.000000	,-144.000000	,-79.500000	,
-31.500000	,-173.000000	,245.000000	,-2.000000	,172.500000	,-77.500000	,9.500000	,-64.000000	,6.500000	,-147.500000	,-34.000000	,-290.500000	,-61.000000	,-236.500000	,-130.000000	,-49.500000	,48.000000	,185.000000	,79.000000	,292.500000	,353.500000	,274.500000	,220.000000	,67.000000	,180.000000	,-75.000000	,-109.500000	,-145.000000	,-61.000000	,-93.500000	,377.500000	,637.500000	,989.000000	,525.000000	,229.000000	,82.500000	,-156.000000	,128.000000	,-189.000000	,-130.500000	,-96.500000	,-17.000000	,-22.000000	,-166.000000	,-202.500000	,-533.000000	,-409.000000	,-122.000000	,504.000000	,762.500000	,552.000000	,292.000000	,199.500000	,214.000000	,102.000000	,239.000000	,95.000000	,8.000000	,-184.000000	,-107.000000	,193.500000	,622.500000	,701.500000	,503.000000	,185.500000	,163.500000	,110.000000	,99.500000	,-150.000000	,-133.000000	,-107.000000	,46.500000	,-72.500000	,138.500000	,344.000000	,445.500000	,128.500000	,59.000000	,-9.500000	,424.000000	,176.500000	,172.500000	,83.500000	,-96.000000	,-274.000000	,-220.000000	,40.000000	,-181.500000	,-41.000000	,-240.000000	,5.500000	,-182.500000	,244.500000	,123.500000	,52.500000	,-242.500000	,-203.500000	,-37.500000	,-156.000000	,918.000000	,397.500000	,582.000000	,151.000000	,288.500000	,226.500000	,24.500000	,32.500000	,-83.500000	,105.500000	,-33.500000	,-259.000000	,11.000000	,-252.500000	,-18.000000	,-235.000000	,-150.500000	,-359.500000	,-55.000000	,-91.500000	,35.500000	,99.500000	,-230.000000	,-226.000000	,-327.500000	,-248.000000	,-61.000000	,-28.000000	,231.500000	,333.000000	,174.500000	,-84.000000	,-233.500000	,-129.000000	,14.500000	,401.500000	,107.500000	,202.500000	,-349.500000	,-454.000000	,-253.000000	,-38.500000	,63.000000	,-287.500000	,-263.000000	,-178.000000	,136.500000	,526.000000	,254.500000	,-54.500000	,-198.500000	,-135.500000	,201.500000	,-77.500000	,123.000000	,38.000000	,-82.000000	,-64.500000	,-109.000000	,425.500000	,392.500000	,812.500000	,-68.000000	,145.500000	,-328.000000	,97.500000	,4.000000	,312.500000	,393.500000	,331.500000	,127.000000	,12.000000	,-591.500000	,-216.500000	,-112.000000	,367.500000	,32.500000	,225.000000	,-307.000000	,132.500000	,-124.000000	,-152.000000	,-155.500000	,-109.500000	,203.500000	,29.000000	,-34.000000	,-64.500000	,55.500000	,-275.000000	,-590.500000	,-664.500000	,-308.500000	,112.500000	,-108.500000	,47.000000	,-55.500000	,-94.500000	,-310.000000	,-285.000000	,-78.000000	,190.000000	,330.500000	,402.500000	,142.500000	,172.500000	,109.500000	,142.000000	,15.000000	,-12.000000	,17.000000	,0.500000	,-37.000000	,-40.500000	,-226.500000	,-181.000000	,-173.000000	,-131.000000	,-236.500000	,-153.000000	,-195.000000	,-138.000000	,0.000000	,-301.500000	,21.500000	,-208.000000	,-112.000000	,-76.000000	,39.000000	,75.000000	,201.000000	,49.500000	,124.500000	,-287.500000	,-33.000000	,-124.500000	,-97.000000	,65.500000	,-152.000000	,21.500000	,-208.500000	,
3.500000	,100.000000	,151.000000	,64.000000	,-108.500000	,43.500000	,-120.000000	,-30.500000	,-281.500000	,198.000000	,112.500000	,468.000000	,342.000000	,94.000000	,-35.000000	,-321.000000	,-122.000000	,-35.000000	,-5.500000	,179.000000	,114.500000	,180.000000	,87.500000	,242.500000	,128.000000	,104.000000	,-34.500000	,64.000000	,94.500000	,88.500000	,-46.000000	,225.500000	,850.000000	,1156.500000	,438.000000	,-196.500000	,-297.500000	,-338.000000	,67.000000	,223.000000	,330.500000	,174.500000	,175.500000	,243.000000	,264.000000	,47.500000	,-142.000000	,261.000000	,-50.000000	,-99.000000	,-337.000000	,-292.000000	,-108.000000	,-59.000000	,-201.000000	,-76.000000	,-410.500000	,-451.500000	,-610.500000	,-421.500000	,-142.500000	,153.500000	,-154.500000	,-158.000000	,-352.500000	,-24.000000	,-162.500000	,206.000000	,58.000000	,317.000000	,185.000000	,133.500000	,-282.000000	,-251.000000	,-358.000000	,-100.000000	,-39.000000	,-517.500000	,-305.000000	,-258.500000	,327.500000	,371.000000	,243.000000	,46.000000	,250.500000	,61.000000	,59.500000	,-338.000000	,-246.500000	,-394.000000	,-352.000000	,-31.000000	,15.500000	,144.000000	,-6.000000	,-27.000000	,168.500000	,161.500000	,-109.000000	,224.000000	,-280.500000	,239.000000	,-55.000000	,253.500000	,-87.500000	,-129.000000	,-280.500000	,-87.000000	,-215.000000	,-174.500000	,-161.000000	,-17.500000	,-128.500000	,-227.500000	,-39.000000	,46.000000	,120.500000	,220.500000	,175.000000	,347.000000	,540.000000	,234.500000	,207.000000	,244.000000	,301.500000	,366.000000	,180.000000	,-377.000000	,36.000000	,28.000000	,405.500000	,80.000000	,-127.500000	,-50.500000	,-281.000000	,-178.000000	,-169.000000	,-201.000000	,-194.500000	,-540.000000	,103.500000	,-9.500000	,52.000000	,240.000000	,187.500000	,210.000000	,124.500000	,36.000000	,95.000000	,100.000000	,356.500000	,164.000000	,120.500000	,-64.500000	,102.000000	,-57.000000	,-0.500000	,-69.000000	,-181.500000	,59.500000	,47.500000	,361.000000	,-18.500000	,-122.000000	,-0.500000	,-90.500000	,2.500000	,-166.500000	,-476.000000	,-237.000000	,-461.000000	,-200.000000	,108.000000	,510.000000	,592.500000	,380.500000	,310.500000	,130.500000	,72.500000	,60.000000	,-257.000000	,49.000000	,-1.000000	,109.500000	,-151.000000	,-74.500000	,-423.500000	,-15.000000	,-521.000000	,-688.500000	,-1232.000000	,-975.000000	,-446.000000	,-17.500000	,-164.500000	,-98.000000	,217.000000	,-232.500000	,204.000000	,331.500000	,492.000000	,449.500000	,166.000000	,227.000000	,-36.000000	,-42.500000	,45.500000	,25.500000	,79.500000	,23.500000	,-72.500000	,18.000000	,-43.500000	,225.500000	,57.000000	,112.500000	,10.000000	,67.500000	,235.500000	,201.500000	,258.000000	,154.500000	,337.000000	,39.000000	,32.000000	,-49.500000	,-94.500000	,37.500000	,-46.000000	,-10.500000	,-71.500000	,13.000000	,184.500000	,203.000000	,117.000000	,-10.500000	,-138.500000	,46.000000	,138.500000	,51.000000	,
-16.500000	,147.500000	,-66.500000	,-56.000000	,-319.500000	,-13.500000	,-330.000000	,-105.000000	,-172.000000	,-254.500000	,5.000000	,-136.500000	,-136.500000	,-9.000000	,30.000000	,78.000000	,-113.000000	,-245.000000	,-91.000000	,16.000000	,86.500000	,0.000000	,-6.000000	,-87.000000	,-114.000000	,-216.000000	,41.500000	,-108.500000	,173.500000	,224.500000	,157.500000	,254.500000	,390.000000	,447.500000	,568.500000	,176.500000	,145.500000	,80.500000	,394.500000	,415.500000	,422.500000	,109.000000	,-22.000000	,-104.000000	,-329.500000	,21.000000	,331.500000	,335.500000	,294.500000	,31.500000	,428.500000	,275.500000	,-90.000000	,-222.000000	,-400.000000	,-14.500000	,-208.500000	,-28.500000	,41.000000	,187.000000	,-50.000000	,-67.500000	,-71.500000	,-63.000000	,-179.500000	,-274.000000	,130.000000	,29.500000	,181.500000	,-184.500000	,253.500000	,-140.500000	,139.500000	,-294.500000	,194.500000	,-402.000000	,-731.500000	,-896.000000	,-547.500000	,-369.500000	,113.000000	,-118.500000	,135.000000	,-169.500000	,349.000000	,255.000000	,242.000000	,-31.000000	,11.000000	,-168.500000	,143.500000	,-37.500000	,-132.500000	,4.000000	,-148.500000	,258.000000	,-76.000000	,135.000000	,-181.500000	,-39.500000	,92.000000	,58.500000	,-35.000000	,-212.500000	,-69.500000	,107.000000	,-182.000000	,-194.000000	,-427.000000	,-246.000000	,-45.000000	,185.500000	,340.000000	,139.500000	,224.000000	,-40.500000	,93.000000	,-169.500000	,79.000000	,-17.500000	,-139.500000	,195.000000	,276.000000	,48.500000	,-138.000000	,-563.500000	,-247.000000	,-197.000000	,-144.500000	,-3.000000	,34.500000	,-73.500000	,-50.500000	,66.000000	,54.000000	,-159.500000	,1.500000	,-46.000000	,-136.500000	,-276.500000	,-587.000000	,-377.500000	,-443.000000	,-88.000000	,-164.000000	,-230.000000	,-95.000000	,13.500000	,-133.000000	,-101.500000	,-520.500000	,-235.000000	,-207.000000	,-143.000000	,-234.000000	,-92.500000	,268.500000	,82.000000	,-126.000000	,-513.500000	,-65.000000	,326.000000	,364.500000	,288.500000	,-34.500000	,20.000000	,-166.500000	,-172.500000	,-227.000000	,-366.500000	,-46.500000	,-210.500000	,143.000000	,21.500000	,67.500000	,-180.000000	,-41.500000	,-128.500000	,-140.000000	,23.000000	,120.500000	,158.000000	,244.000000	,-170.000000	,59.000000	,-217.000000	,-2.500000	,-328.000000	,-85.000000	,-29.000000	,-281.500000	,-384.000000	,-463.500000	,22.500000	,176.500000	,122.500000	,198.500000	,117.500000	,-115.500000	,-159.000000	,-149.500000	,38.500000	,-185.000000	,26.000000	,-288.000000	,13.500000	,-155.000000	,-63.500000	,-116.000000	,-108.500000	,-120.500000	,-145.500000	,-33.500000	,47.500000	,123.500000	,62.500000	,-3.500000	,88.500000	,54.000000	,10.500000	,-220.500000	,1.500000	,-78.000000	,104.500000	,38.000000	,30.500000	,28.000000	,-132.500000	,-63.500000	,30.500000	,195.000000	,204.500000	,160.000000	,12.000000	,237.000000	,54.000000	,149.500000	,199.500000	,242.000000	,164.000000	,
-176.500000	,-276.000000	,-176.000000	,-92.000000	,103.000000	,127.500000	,487.000000	,456.500000	,350.500000	,307.500000	,0.500000	,24.000000	,-187.500000	,4.000000	,-164.000000	,7.000000	,-181.500000	,-39.000000	,-166.000000	,-71.500000	,-70.000000	,-90.000000	,-178.500000	,-354.000000	,-234.000000	,-157.500000	,228.000000	,54.000000	,9.000000	,-21.500000	,55.000000	,28.000000	,-37.500000	,247.000000	,307.000000	,811.000000	,120.000000	,267.500000	,-274.500000	,-245.000000	,-383.000000	,-140.000000	,-210.500000	,152.000000	,210.500000	,508.000000	,742.500000	,519.000000	,457.500000	,343.500000	,110.500000	,-29.000000	,-196.000000	,-160.500000	,18.500000	,86.000000	,154.500000	,207.500000	,365.000000	,79.000000	,-195.500000	,-642.500000	,-488.500000	,-185.000000	,27.500000	,136.000000	,-25.500000	,-90.500000	,-187.500000	,-292.000000	,-214.000000	,153.000000	,317.000000	,215.000000	,-407.500000	,-541.000000	,-369.500000	,-47.000000	,197.500000	,-148.500000	,-181.500000	,117.000000	,61.500000	,205.500000	,-200.000000	,50.500000	,-306.500000	,163.500000	,168.500000	,245.000000	,144.500000	,-115.500000	,-393.500000	,-81.000000	,46.500000	,-39.500000	,-131.000000	,-508.500000	,-70.500000	,-99.500000	,112.000000	,-403.000000	,-103.000000	,-313.500000	,-129.000000	,-555.000000	,-54.000000	,-407.500000	,317.500000	,-18.500000	,242.000000	,374.000000	,396.500000	,243.500000	,-161.500000	,-27.500000	,-24.500000	,23.000000	,26.000000	,-238.500000	,-124.000000	,-240.500000	,91.500000	,356.500000	,266.000000	,81.500000	,149.000000	,-93.000000	,-131.500000	,-463.000000	,-420.500000	,16.500000	,111.500000	,68.000000	,-159.500000	,-136.000000	,-168.000000	,-50.000000	,-125.500000	,-253.000000	,-301.500000	,-654.500000	,-304.500000	,-346.000000	,-112.500000	,-194.500000	,-319.000000	,131.000000	,124.000000	,148.500000	,-155.500000	,-227.500000	,-71.000000	,-196.500000	,-261.000000	,-398.500000	,-522.500000	,-69.500000	,-75.500000	,419.500000	,718.500000	,859.500000	,916.000000	,626.000000	,301.000000	,-61.500000	,-18.000000	,279.000000	,696.500000	,373.000000	,135.000000	,-26.000000	,-249.000000	,36.500000	,-79.000000	,247.000000	,-69.500000	,-68.500000	,83.000000	,63.000000	,232.500000	,-104.500000	,213.000000	,115.000000	,503.500000	,263.000000	,203.000000	,-97.000000	,95.500000	,30.500000	,301.500000	,-251.000000	,-556.000000	,-726.000000	,-161.500000	,-71.500000	,-197.000000	,39.000000	,136.000000	,86.500000	,-111.500000	,-369.500000	,104.500000	,311.000000	,465.000000	,258.000000	,-36.000000	,-79.500000	,-135.000000	,-166.000000	,60.500000	,-101.500000	,24.000000	,-262.500000	,24.500000	,-157.000000	,15.500000	,-73.500000	,182.500000	,101.500000	,196.500000	,-7.000000	,74.500000	,27.500000	,-19.500000	,224.500000	,170.500000	,117.000000	,-129.000000	,-174.000000	,-271.500000	,-130.000000	,-92.500000	,196.500000	,200.000000	,310.500000	,148.500000	,-44.500000	,-221.000000	,-236.500000	,
-25.000000	,-147.000000	,237.500000	,204.500000	,222.500000	,-198.000000	,-262.500000	,-297.000000	,10.500000	,141.000000	,132.000000	,3.500000	,84.000000	,-154.500000	,-80.000000	,-444.000000	,118.000000	,227.000000	,249.500000	,-104.000000	,-226.500000	,-91.500000	,-162.500000	,-71.000000	,20.500000	,65.500000	,173.500000	,167.000000	,40.000000	,-35.000000	,66.500000	,-241.000000	,-160.000000	,-378.000000	,176.000000	,287.500000	,158.000000	,-103.500000	,-331.000000	,-384.000000	,-221.000000	,49.000000	,107.000000	,208.000000	,834.000000	,699.000000	,705.500000	,240.000000	,48.500000	,-15.000000	,-26.500000	,-375.000000	,-14.000000	,23.000000	,219.000000	,-54.000000	,173.000000	,-95.500000	,141.500000	,-20.000000	,-70.000000	,-393.000000	,-183.000000	,-505.500000	,-231.500000	,-424.000000	,-204.000000	,-160.500000	,16.500000	,343.000000	,351.500000	,296.000000	,63.000000	,156.500000	,-117.500000	,46.000000	,34.500000	,-127.500000	,-168.500000	,-129.500000	,-34.500000	,374.500000	,105.000000	,35.000000	,-28.500000	,-234.500000	,160.000000	,274.000000	,398.000000	,107.000000	,221.000000	,14.000000	,86.500000	,-65.500000	,-81.500000	,-92.500000	,-144.000000	,154.500000	,420.000000	,426.000000	,331.000000	,164.500000	,40.500000	,289.500000	,315.000000	,418.500000	,483.000000	,98.500000	,-133.000000	,-65.500000	,-209.000000	,-250.500000	,-201.500000	,-287.500000	,10.500000	,-58.500000	,344.500000	,-14.000000	,121.000000	,68.000000	,97.500000	,-227.000000	,-619.500000	,-414.000000	,32.000000	,332.000000	,250.000000	,-81.500000	,-252.000000	,-87.500000	,-90.500000	,205.000000	,296.500000	,435.000000	,286.500000	,173.000000	,134.000000	,17.000000	,212.500000	,136.500000	,176.000000	,608.000000	,147.000000	,23.000000	,-68.500000	,86.000000	,282.000000	,-76.000000	,80.500000	,-88.500000	,339.500000	,230.000000	,202.500000	,169.000000	,44.500000	,-72.500000	,-67.000000	,151.000000	,462.500000	,79.000000	,-104.000000	,-231.500000	,63.500000	,93.500000	,340.500000	,326.000000	,202.500000	,246.000000	,35.000000	,195.500000	,192.500000	,19.000000	,-268.500000	,-510.000000	,-657.500000	,-33.000000	,44.500000	,349.500000	,365.000000	,128.500000	,119.000000	,-165.500000	,-177.500000	,-145.000000	,-162.000000	,15.000000	,75.500000	,307.500000	,-179.500000	,-122.000000	,-133.000000	,-27.000000	,-594.000000	,-850.000000	,-757.500000	,-253.000000	,216.000000	,114.500000	,77.000000	,200.000000	,139.500000	,-108.000000	,-87.000000	,-190.500000	,-60.500000	,-46.500000	,156.000000	,75.500000	,39.500000	,-54.500000	,-104.500000	,-110.500000	,4.000000	,-24.500000	,38.500000	,112.000000	,70.000000	,14.500000	,-60.000000	,-78.000000	,-120.000000	,-84.000000	,-185.000000	,-102.500000	,-77.500000	,-95.000000	,-93.500000	,-37.500000	,160.500000	,397.500000	,166.000000	,155.000000	,69.000000	,74.000000	,26.500000	,-66.000000	,-172.500000	,-306.000000	,-41.000000	,-135.000000	,
-2.500000	,73.000000	,49.000000	,-47.000000	,-96.000000	,-209.000000	,33.000000	,-328.500000	,-128.000000	,-151.000000	,36.000000	,-65.000000	,28.000000	,-199.000000	,203.500000	,233.000000	,-4.500000	,-210.500000	,-345.500000	,-398.000000	,-107.000000	,-51.000000	,136.000000	,251.000000	,279.500000	,97.000000	,-129.000000	,-52.500000	,19.500000	,84.500000	,-19.000000	,44.500000	,76.500000	,234.500000	,725.000000	,751.000000	,824.000000	,174.000000	,322.500000	,182.500000	,200.500000	,18.500000	,263.000000	,577.000000	,501.500000	,667.000000	,131.000000	,55.500000	,-145.500000	,-27.000000	,-7.500000	,-32.000000	,-114.000000	,44.500000	,-448.500000	,-6.000000	,-49.000000	,23.500000	,-82.000000	,-100.500000	,131.500000	,131.500000	,447.500000	,390.500000	,63.500000	,21.500000	,-179.500000	,-153.000000	,56.000000	,194.500000	,161.500000	,164.500000	,124.500000	,216.000000	,455.000000	,153.000000	,443.500000	,197.500000	,396.500000	,283.500000	,-58.500000	,-422.500000	,-186.500000	,-237.000000	,-87.500000	,67.500000	,8.500000	,325.500000	,-173.000000	,-209.500000	,-213.000000	,-54.500000	,114.500000	,-171.000000	,164.000000	,-1.000000	,370.000000	,225.500000	,321.500000	,192.000000	,-85.000000	,13.000000	,278.000000	,292.000000	,204.000000	,480.000000	,306.500000	,576.000000	,376.000000	,312.000000	,326.500000	,32.500000	,204.500000	,-74.000000	,167.500000	,22.000000	,267.000000	,27.500000	,80.000000	,-126.000000	,-32.000000	,-301.500000	,-61.500000	,-209.500000	,-188.500000	,-252.500000	,129.000000	,361.000000	,341.500000	,501.000000	,341.500000	,303.000000	,43.500000	,197.500000	,365.000000	,353.000000	,241.500000	,271.500000	,-297.500000	,-59.000000	,-183.500000	,408.500000	,326.500000	,104.000000	,-131.000000	,16.500000	,145.500000	,76.000000	,-273.500000	,-332.000000	,-210.500000	,109.000000	,189.500000	,288.000000	,215.500000	,112.500000	,316.500000	,99.500000	,-108.000000	,-49.000000	,-70.000000	,292.000000	,102.000000	,102.500000	,-157.000000	,23.500000	,-251.000000	,-604.500000	,-556.500000	,-341.000000	,219.000000	,223.500000	,374.000000	,-46.000000	,-371.000000	,-255.500000	,58.000000	,226.500000	,52.500000	,-70.500000	,13.000000	,69.000000	,-172.000000	,-139.500000	,-309.500000	,-418.000000	,-356.500000	,-77.500000	,261.500000	,-7.500000	,-32.000000	,-211.000000	,-216.000000	,-250.500000	,-536.000000	,-458.000000	,-93.500000	,82.500000	,-13.500000	,-132.000000	,17.000000	,182.500000	,441.000000	,215.000000	,172.000000	,-149.000000	,6.000000	,-213.000000	,-78.000000	,-226.000000	,70.000000	,-157.000000	,-160.500000	,-167.000000	,-42.500000	,219.500000	,131.000000	,-32.000000	,-91.500000	,-291.000000	,7.500000	,-187.500000	,117.000000	,139.000000	,143.500000	,-188.000000	,-495.000000	,-292.500000	,-224.500000	,80.000000	,192.500000	,135.000000	,124.500000	,-75.000000	,-61.500000	,-271.500000	,-207.000000	,172.000000	,250.000000	,217.500000	,
76.000000	,2.000000	,-118.500000	,21.500000	,-61.500000	,290.500000	,213.500000	,395.000000	,221.500000	,173.500000	,103.000000	,171.000000	,84.500000	,313.000000	,173.000000	,219.500000	,-9.000000	,211.500000	,-36.000000	,334.500000	,-18.000000	,95.500000	,-135.000000	,-203.500000	,-150.500000	,-314.000000	,27.500000	,-157.500000	,-40.500000	,-70.500000	,-77.500000	,255.500000	,401.000000	,367.500000	,60.000000	,444.500000	,540.500000	,824.000000	,355.000000	,-140.500000	,-218.500000	,100.000000	,753.000000	,465.000000	,403.500000	,-198.000000	,-299.500000	,24.000000	,-406.500000	,-16.500000	,-658.000000	,-238.500000	,-44.500000	,111.500000	,367.000000	,170.000000	,30.000000	,-77.500000	,-35.000000	,159.500000	,101.500000	,367.500000	,160.500000	,581.000000	,639.500000	,538.500000	,397.000000	,205.000000	,-66.000000	,77.000000	,-124.500000	,-89.000000	,-18.500000	,-56.500000	,-222.000000	,-374.000000	,-325.500000	,-149.500000	,335.500000	,266.500000	,67.000000	,-148.500000	,-204.000000	,-110.500000	,289.500000	,151.000000	,-282.000000	,-362.000000	,-295.500000	,269.500000	,247.500000	,76.500000	,-240.500000	,-187.000000	,41.000000	,224.500000	,238.000000	,73.000000	,-186.500000	,-291.000000	,-30.000000	,-51.500000	,23.000000	,-36.500000	,-144.000000	,-131.500000	,-30.500000	,-31.500000	,205.500000	,241.000000	,148.500000	,-13.500000	,-92.000000	,-133.500000	,52.000000	,-138.500000	,6.500000	,-341.000000	,-510.500000	,-400.500000	,2.500000	,324.000000	,188.000000	,170.000000	,-147.000000	,-355.000000	,-541.500000	,-359.000000	,-46.500000	,-2.000000	,426.500000	,-114.000000	,-128.000000	,-765.000000	,-536.500000	,-449.500000	,57.000000	,146.000000	,405.500000	,-245.500000	,-176.000000	,-154.000000	,234.000000	,213.500000	,-159.000000	,-171.000000	,-344.500000	,67.500000	,173.000000	,410.500000	,-11.000000	,17.000000	,-87.500000	,-118.500000	,-290.500000	,18.500000	,-184.000000	,157.000000	,-192.000000	,-52.500000	,-164.000000	,390.500000	,111.500000	,214.000000	,-143.000000	,-144.500000	,124.500000	,198.500000	,155.500000	,-194.000000	,-134.500000	,-74.000000	,9.000000	,414.500000	,265.000000	,222.500000	,-44.500000	,-221.000000	,96.500000	,-44.000000	,6.500000	,-143.000000	,-30.500000	,-107.500000	,-49.500000	,182.500000	,242.500000	,177.500000	,321.500000	,264.500000	,189.000000	,91.000000	,165.000000	,12.500000	,-370.500000	,-807.000000	,-948.000000	,-478.500000	,-342.000000	,-288.500000	,-650.000000	,-302.000000	,-252.000000	,27.000000	,88.500000	,-19.500000	,0.500000	,48.500000	,134.000000	,226.500000	,-25.500000	,140.500000	,-146.000000	,-66.500000	,-396.000000	,-201.000000	,-175.500000	,-59.000000	,-39.500000	,218.500000	,306.500000	,284.000000	,95.000000	,39.000000	,46.500000	,144.000000	,66.000000	,118.500000	,-28.500000	,-132.000000	,-24.000000	,-174.000000	,-247.500000	,-205.500000	,-171.000000	,-126.500000	,149.500000	,108.500000	,193.000000	,-54.000000	,
113.000000	,186.000000	,1.000000	,-63.000000	,-174.000000	,-122.500000	,-73.000000	,159.500000	,137.000000	,104.500000	,-77.000000	,-173.000000	,-216.500000	,-56.000000	,-17.000000	,-19.500000	,182.500000	,160.000000	,458.500000	,185.000000	,387.000000	,152.500000	,113.000000	,-31.000000	,80.500000	,208.000000	,262.500000	,262.500000	,67.500000	,-3.000000	,-37.500000	,-201.000000	,-169.500000	,-64.500000	,27.500000	,-58.500000	,555.500000	,793.500000	,831.000000	,88.500000	,-122.500000	,497.000000	,653.000000	,517.500000	,312.000000	,79.500000	,228.000000	,152.000000	,146.500000	,-140.500000	,104.500000	,-66.000000	,74.000000	,92.000000	,329.500000	,328.000000	,-334.500000	,-139.500000	,-447.000000	,-64.000000	,-16.000000	,-100.000000	,-76.000000	,-233.500000	,-65.500000	,142.000000	,-12.500000	,71.500000	,-160.000000	,-136.500000	,-182.000000	,-168.500000	,46.000000	,-666.000000	,-694.000000	,-368.500000	,-93.500000	,-44.500000	,-270.500000	,51.000000	,286.500000	,251.500000	,359.500000	,343.000000	,416.000000	,294.500000	,84.500000	,-36.000000	,-149.500000	,28.000000	,4.500000	,315.000000	,289.500000	,177.500000	,-92.500000	,-266.000000	,-212.000000	,158.500000	,409.500000	,273.500000	,481.000000	,237.000000	,159.000000	,-108.500000	,-350.000000	,-381.500000	,-486.000000	,-397.000000	,-333.000000	,-125.000000	,-70.500000	,-18.500000	,-338.500000	,16.500000	,-113.500000	,139.000000	,80.000000	,-138.000000	,-114.500000	,125.500000	,200.500000	,281.000000	,55.000000	,-13.000000	,16.500000	,48.000000	,27.000000	,-41.500000	,-58.500000	,-48.500000	,-319.500000	,-306.500000	,-391.000000	,-379.000000	,-67.500000	,-142.000000	,81.500000	,-177.000000	,-135.000000	,-480.000000	,-822.500000	,-453.000000	,163.000000	,460.500000	,652.000000	,230.000000	,94.500000	,-532.500000	,-221.500000	,113.500000	,187.500000	,-103.000000	,-55.500000	,-201.500000	,67.500000	,238.000000	,25.500000	,41.500000	,98.500000	,285.000000	,121.000000	,-162.000000	,210.000000	,440.000000	,765.500000	,476.500000	,327.000000	,302.000000	,247.000000	,79.000000	,49.000000	,34.000000	,-267.000000	,-112.500000	,-14.000000	,-47.500000	,-323.000000	,-82.500000	,-208.500000	,-5.000000	,-396.500000	,-86.000000	,133.500000	,132.500000	,71.000000	,-86.000000	,-57.000000	,-92.500000	,-307.000000	,356.000000	,235.500000	,857.000000	,227.500000	,168.500000	,135.000000	,-217.000000	,-498.500000	,-838.500000	,-307.500000	,91.000000	,-31.000000	,-13.000000	,-249.500000	,-26.000000	,21.500000	,250.000000	,112.000000	,215.000000	,200.500000	,160.000000	,-49.500000	,194.500000	,451.500000	,359.500000	,212.500000	,-88.000000	,-253.000000	,7.000000	,-132.500000	,61.000000	,-141.000000	,-30.000000	,22.500000	,36.000000	,-19.500000	,209.500000	,387.000000	,282.000000	,140.000000	,-309.000000	,-189.000000	,-318.000000	,-297.500000	,-191.500000	,-277.000000	,207.000000	,84.500000	,245.000000	,-4.500000	,-64.000000	,
-16.000000	,68.000000	,-13.500000	,-70.000000	,27.000000	,25.500000	,78.000000	,-67.500000	,-64.500000	,-67.500000	,-88.000000	,-30.500000	,184.500000	,186.500000	,152.500000	,-154.000000	,-249.500000	,-184.500000	,-108.000000	,-192.000000	,-328.000000	,-182.500000	,-313.000000	,168.000000	,79.500000	,180.000000	,-12.000000	,-12.000000	,-36.000000	,-52.000000	,-53.000000	,-39.500000	,-25.000000	,-88.500000	,-70.500000	,72.500000	,29.000000	,504.500000	,569.500000	,1081.000000	,1154.500000	,546.000000	,466.500000	,-14.000000	,-191.000000	,-297.000000	,-168.500000	,-162.000000	,103.500000	,73.000000	,260.500000	,494.000000	,140.000000	,130.500000	,-306.000000	,-264.000000	,93.000000	,293.000000	,227.000000	,19.500000	,-89.500000	,81.000000	,-148.500000	,-361.000000	,-191.000000	,-78.000000	,-2.500000	,-182.500000	,-137.000000	,-97.500000	,-334.500000	,107.500000	,-65.500000	,-470.000000	,-832.000000	,-672.000000	,-193.500000	,-199.000000	,77.000000	,-269.500000	,-280.000000	,-402.000000	,-149.500000	,161.500000	,-268.000000	,79.000000	,-313.000000	,291.000000	,43.500000	,-54.000000	,-22.000000	,107.500000	,63.500000	,98.000000	,-234.500000	,-299.000000	,-75.000000	,353.000000	,615.000000	,548.000000	,155.000000	,31.500000	,-65.000000	,-79.500000	,-226.000000	,-260.500000	,-314.500000	,-322.500000	,-68.000000	,-188.500000	,-217.000000	,-33.000000	,174.000000	,372.500000	,305.500000	,79.000000	,-30.000000	,183.500000	,230.000000	,128.000000	,258.500000	,75.000000	,348.000000	,316.000000	,435.500000	,227.500000	,438.500000	,281.500000	,591.000000	,21.500000	,244.000000	,74.000000	,250.000000	,211.500000	,-113.500000	,22.000000	,-165.000000	,-163.500000	,-349.500000	,-147.500000	,-38.500000	,-256.500000	,-169.500000	,-94.500000	,-59.000000	,53.000000	,-269.500000	,-226.000000	,-333.000000	,-225.000000	,-158.000000	,-413.000000	,-314.000000	,-347.000000	,-368.000000	,174.500000	,-35.500000	,29.500000	,161.500000	,315.500000	,149.000000	,-293.000000	,-363.000000	,51.500000	,40.500000	,24.000000	,-404.000000	,-292.500000	,-483.500000	,-140.000000	,-203.500000	,311.000000	,-12.000000	,56.500000	,-29.500000	,-231.500000	,94.500000	,121.500000	,169.000000	,-51.000000	,103.500000	,12.000000	,124.500000	,2.500000	,135.500000	,72.000000	,-73.500000	,-105.500000	,-71.500000	,-254.500000	,-67.500000	,-85.500000	,58.500000	,105.500000	,24.000000	,-38.000000	,-501.500000	,-492.500000	,-656.500000	,73.000000	,382.000000	,530.000000	,199.500000	,-31.500000	,-183.000000	,-189.000000	,-25.500000	,12.500000	,-160.500000	,-163.500000	,-121.000000	,17.500000	,-78.500000	,44.500000	,188.000000	,177.500000	,23.500000	,42.000000	,81.000000	,4.500000	,-36.000000	,-252.000000	,-126.000000	,-237.000000	,-135.000000	,-154.500000	,-48.000000	,96.000000	,-34.500000	,165.500000	,-179.500000	,72.500000	,182.000000	,204.500000	,151.500000	,47.500000	,-164.000000	,-166.500000	,-94.500000	,-64.000000	,
-175.000000	,-187.500000	,-13.000000	,310.500000	,358.000000	,249.500000	,-144.500000	,-142.000000	,-103.000000	,-28.000000	,-63.500000	,203.000000	,-50.500000	,-114.500000	,-182.500000	,-216.500000	,28.000000	,-185.500000	,-150.000000	,45.500000	,-283.000000	,50.000000	,46.000000	,307.500000	,264.000000	,-64.000000	,-132.000000	,-124.500000	,-117.000000	,-214.500000	,-22.000000	,43.500000	,153.000000	,34.000000	,-156.000000	,-25.500000	,-51.500000	,-33.500000	,634.500000	,765.000000	,1166.000000	,430.500000	,203.500000	,-133.000000	,-299.000000	,126.500000	,-184.000000	,-21.500000	,4.000000	,89.500000	,124.500000	,-243.000000	,76.000000	,-62.000000	,-247.000000	,-314.000000	,-130.500000	,269.000000	,458.000000	,248.500000	,83.500000	,-14.500000	,-183.500000	,-8.500000	,-128.000000	,39.500000	,15.500000	,174.000000	,102.500000	,59.500000	,181.500000	,-69.000000	,-514.500000	,-288.000000	,-318.000000	,-56.500000	,-81.500000	,188.500000	,226.000000	,-4.500000	,-374.000000	,-312.000000	,-490.500000	,-444.000000	,-520.000000	,-144.000000	,-34.000000	,126.500000	,-174.500000	,-148.000000	,-265.500000	,-398.500000	,-63.500000	,-122.500000	,-32.000000	,13.000000	,-26.000000	,80.000000	,-85.000000	,-135.000000	,-214.500000	,-394.500000	,-194.000000	,-298.000000	,74.000000	,253.000000	,571.500000	,459.000000	,144.000000	,103.500000	,-60.000000	,155.000000	,432.500000	,-170.500000	,-421.500000	,-358.500000	,1.500000	,18.000000	,6.000000	,-315.500000	,70.500000	,344.500000	,206.000000	,538.500000	,264.000000	,-52.000000	,-98.000000	,37.500000	,302.000000	,300.000000	,237.000000	,244.000000	,152.000000	,258.500000	,3.000000	,-70.000000	,-132.500000	,-42.500000	,-117.500000	,106.500000	,-11.000000	,323.000000	,19.000000	,-77.500000	,-61.000000	,-37.000000	,162.000000	,552.500000	,502.000000	,569.500000	,508.000000	,394.500000	,255.000000	,48.000000	,-143.500000	,-150.000000	,-136.500000	,-102.000000	,-55.500000	,-199.500000	,-175.000000	,78.500000	,460.500000	,294.000000	,325.500000	,232.000000	,225.500000	,-28.500000	,268.000000	,52.500000	,-54.500000	,-356.000000	,-109.000000	,39.500000	,-134.500000	,-75.000000	,-58.500000	,347.000000	,12.500000	,-6.500000	,-7.000000	,0.000000	,-376.500000	,-276.000000	,25.000000	,477.500000	,747.500000	,535.500000	,425.000000	,-101.000000	,-82.500000	,-260.000000	,281.000000	,324.500000	,294.000000	,433.000000	,32.000000	,-36.000000	,-10.000000	,-317.500000	,330.500000	,173.000000	,441.000000	,231.500000	,219.500000	,-94.500000	,-247.500000	,-129.000000	,-233.000000	,45.000000	,-109.500000	,14.000000	,-112.500000	,12.500000	,-107.500000	,-80.500000	,121.000000	,94.000000	,131.500000	,37.000000	,-80.000000	,213.500000	,-46.500000	,-99.000000	,-68.000000	,-256.000000	,-235.000000	,-333.000000	,-26.000000	,214.500000	,174.000000	,-55.500000	,145.000000	,16.500000	,302.500000	,133.000000	,53.000000	,-154.500000	,-327.000000	,-244.000000	,
-149.500000	,-40.500000	,-127.500000	,-66.000000	,88.000000	,43.000000	,-48.500000	,25.000000	,-194.000000	,-66.500000	,-193.500000	,-58.500000	,-265.500000	,-22.000000	,-109.000000	,375.000000	,277.000000	,172.500000	,264.500000	,194.000000	,534.000000	,241.500000	,287.500000	,31.000000	,11.500000	,-134.500000	,-118.000000	,-242.500000	,-138.000000	,177.500000	,113.000000	,187.500000	,-23.000000	,-81.500000	,12.000000	,65.000000	,133.500000	,41.000000	,-6.000000	,150.500000	,215.000000	,252.000000	,33.000000	,73.000000	,211.500000	,443.000000	,310.000000	,179.000000	,-331.000000	,178.500000	,-311.500000	,113.000000	,-135.000000	,-228.000000	,-161.000000	,-99.000000	,-178.500000	,-234.000000	,-211.500000	,54.000000	,173.000000	,146.000000	,298.500000	,320.000000	,207.500000	,19.000000	,86.000000	,269.000000	,363.000000	,515.000000	,500.500000	,88.500000	,-109.000000	,-156.500000	,369.500000	,-59.500000	,-117.500000	,-414.500000	,-370.000000	,-246.000000	,96.000000	,188.500000	,111.000000	,-4.500000	,-8.000000	,-231.000000	,136.500000	,46.000000	,108.500000	,370.000000	,-43.000000	,128.500000	,118.000000	,429.500000	,366.000000	,126.000000	,195.000000	,-60.500000	,-223.000000	,-316.000000	,-357.500000	,-229.000000	,-65.500000	,160.000000	,-17.500000	,286.000000	,420.500000	,450.500000	,166.500000	,89.000000	,54.500000	,-67.000000	,54.000000	,4.500000	,-22.000000	,116.500000	,47.500000	,18.500000	,179.000000	,-57.000000	,503.500000	,-157.000000	,140.500000	,-353.500000	,-155.500000	,-248.500000	,30.500000	,-314.500000	,-401.500000	,-552.500000	,-542.000000	,-156.000000	,-54.500000	,176.500000	,296.000000	,-171.000000	,-250.500000	,-115.500000	,-1.500000	,-180.000000	,45.500000	,-134.500000	,282.500000	,-52.500000	,-44.000000	,-402.000000	,64.000000	,-48.000000	,80.500000	,-3.000000	,-89.000000	,53.500000	,66.500000	,292.500000	,663.000000	,329.000000	,332.000000	,-193.500000	,86.500000	,-240.000000	,-3.500000	,-51.500000	,-31.500000	,-105.500000	,-102.000000	,148.500000	,587.000000	,242.000000	,309.500000	,155.000000	,160.000000	,5.500000	,258.000000	,-58.000000	,68.500000	,-288.000000	,-103.500000	,-258.000000	,-99.500000	,141.000000	,20.500000	,190.500000	,-70.500000	,72.000000	,62.500000	,-21.000000	,13.500000	,-130.000000	,208.500000	,235.500000	,188.000000	,41.000000	,-411.500000	,-170.000000	,-323.500000	,120.500000	,135.000000	,295.000000	,323.000000	,11.000000	,-204.000000	,-262.000000	,-106.000000	,110.000000	,46.500000	,16.500000	,-379.000000	,-167.500000	,50.000000	,69.000000	,139.500000	,-90.000000	,109.500000	,127.500000	,177.500000	,133.000000	,149.500000	,42.500000	,-83.000000	,11.500000	,126.500000	,139.000000	,-44.000000	,130.000000	,130.500000	,240.500000	,-9.500000	,-140.500000	,-81.500000	,100.000000	,-3.500000	,-104.000000	,-179.000000	,-221.000000	,-339.000000	,-162.000000	,65.000000	,159.500000	,-125.500000	,-209.500000	,
10.000000	,93.500000	,135.500000	,-84.000000	,-217.500000	,-103.000000	,0.500000	,74.000000	,-61.000000	,-88.000000	,-16.000000	,-19.500000	,394.000000	,141.500000	,338.500000	,-52.000000	,1.000000	,-81.000000	,41.500000	,-6.500000	,-27.000000	,-129.000000	,-165.000000	,-153.000000	,-80.000000	,98.500000	,34.000000	,39.000000	,-133.500000	,-132.000000	,61.000000	,-100.000000	,46.000000	,-99.000000	,72.500000	,-157.000000	,-68.500000	,-140.500000	,-190.500000	,-48.500000	,89.500000	,-11.000000	,262.500000	,-118.500000	,-103.500000	,-652.500000	,-69.000000	,-184.500000	,285.000000	,145.500000	,416.500000	,333.500000	,208.500000	,26.500000	,180.500000	,504.500000	,272.500000	,-5.000000	,-409.000000	,-137.500000	,-185.500000	,272.000000	,135.000000	,-53.000000	,-265.500000	,-258.500000	,25.000000	,-2.000000	,-191.000000	,-119.000000	,-300.000000	,-463.000000	,-462.000000	,-130.500000	,-126.000000	,191.000000	,-105.000000	,-167.000000	,-317.000000	,-248.500000	,60.500000	,403.000000	,356.000000	,128.500000	,-101.500000	,-166.000000	,-77.000000	,-51.500000	,108.500000	,-35.000000	,-2.500000	,276.500000	,149.000000	,183.500000	,-433.500000	,-286.500000	,438.000000	,519.500000	,341.000000	,-43.000000	,-287.000000	,304.500000	,230.000000	,461.000000	,194.500000	,-64.000000	,-395.000000	,-400.500000	,1.000000	,238.000000	,362.500000	,-18.500000	,-185.500000	,234.500000	,689.000000	,581.000000	,26.000000	,-325.500000	,-236.500000	,-235.000000	,-128.000000	,-271.500000	,-376.000000	,-346.500000	,-405.500000	,-48.000000	,-150.000000	,-114.500000	,-111.500000	,-207.500000	,10.000000	,-277.500000	,-217.000000	,-338.500000	,10.500000	,40.000000	,127.000000	,-91.000000	,-3.000000	,-43.000000	,-20.500000	,-419.000000	,-422.500000	,-595.000000	,-357.000000	,-72.000000	,302.000000	,281.000000	,45.500000	,-249.500000	,-418.500000	,-283.000000	,-452.500000	,20.500000	,-283.500000	,260.000000	,36.500000	,99.000000	,-136.500000	,-297.500000	,-18.000000	,-194.000000	,290.000000	,276.500000	,768.500000	,407.500000	,370.500000	,24.500000	,-433.000000	,-231.500000	,-286.000000	,41.000000	,-23.500000	,179.000000	,77.000000	,59.500000	,-142.500000	,-409.000000	,-201.500000	,63.500000	,-131.500000	,-182.000000	,-397.500000	,-300.000000	,-45.500000	,-150.500000	,-159.500000	,-470.000000	,-432.000000	,-198.500000	,-374.000000	,-294.500000	,-191.000000	,-359.000000	,-139.000000	,-338.500000	,413.000000	,824.000000	,851.000000	,841.500000	,293.000000	,191.000000	,-74.000000	,-25.500000	,212.500000	,91.000000	,448.500000	,-36.500000	,119.500000	,-55.000000	,74.000000	,101.000000	,-149.500000	,-157.500000	,-40.500000	,-45.000000	,-63.000000	,-69.000000	,-102.000000	,31.000000	,90.500000	,15.500000	,84.500000	,121.000000	,116.500000	,-7.000000	,415.000000	,175.000000	,195.500000	,-160.500000	,-63.000000	,121.000000	,-38.000000	,-108.500000	,-303.000000	,-201.000000	,-52.500000	,44.500000	,307.500000	,195.500000	,
-153.000000	,-133.500000	,-131.500000	,-104.500000	,-237.500000	,-55.000000	,-221.500000	,31.000000	,-148.500000	,220.000000	,74.000000	,220.000000	,114.000000	,187.000000	,81.500000	,72.500000	,-87.000000	,-66.500000	,-261.500000	,-169.000000	,-161.500000	,-82.000000	,-14.000000	,-129.000000	,-130.500000	,-101.000000	,-101.000000	,-27.500000	,-1.500000	,95.500000	,23.500000	,14.500000	,-61.500000	,-73.000000	,27.500000	,-81.000000	,-24.500000	,-125.000000	,134.500000	,17.000000	,200.000000	,140.000000	,141.000000	,-142.000000	,-203.000000	,-435.000000	,-127.000000	,-275.000000	,30.500000	,-48.000000	,111.000000	,-122.000000	,-39.000000	,71.500000	,27.000000	,-250.000000	,-159.500000	,-272.500000	,-203.500000	,-169.500000	,42.500000	,83.500000	,75.000000	,-184.500000	,-197.500000	,-390.500000	,-320.500000	,-429.500000	,-341.500000	,-98.500000	,-241.500000	,-292.500000	,-249.000000	,-99.500000	,-322.000000	,30.500000	,160.000000	,-16.500000	,213.000000	,53.000000	,269.500000	,-31.000000	,-192.500000	,-97.500000	,329.000000	,217.500000	,281.000000	,-161.000000	,-126.500000	,-332.000000	,-163.000000	,-142.500000	,-265.500000	,-294.000000	,-109.500000	,-211.000000	,-147.500000	,-406.000000	,15.500000	,310.500000	,239.500000	,165.500000	,106.000000	,-138.500000	,268.000000	,160.500000	,274.500000	,-534.500000	,-251.000000	,-445.500000	,-13.000000	,-288.500000	,-322.000000	,-489.000000	,-556.500000	,-381.500000	,-171.000000	,126.000000	,-168.000000	,-124.000000	,-228.500000	,-165.000000	,-261.000000	,-117.000000	,-44.500000	,316.000000	,221.500000	,261.500000	,-15.500000	,188.000000	,-10.500000	,-32.000000	,-323.500000	,-194.000000	,152.500000	,108.000000	,207.000000	,29.000000	,54.500000	,441.500000	,-54.000000	,-58.500000	,-520.000000	,166.000000	,91.000000	,212.500000	,-32.500000	,40.500000	,143.000000	,87.000000	,259.000000	,-221.500000	,78.000000	,-284.000000	,-222.000000	,-209.000000	,-334.000000	,-86.500000	,-298.000000	,198.000000	,-5.000000	,469.500000	,74.500000	,173.500000	,-13.000000	,344.000000	,139.500000	,130.500000	,-328.000000	,26.000000	,50.500000	,88.500000	,-146.500000	,34.500000	,39.000000	,218.500000	,-8.000000	,-134.500000	,-222.500000	,-322.500000	,-121.000000	,-183.500000	,-59.500000	,103.000000	,247.000000	,331.500000	,323.000000	,544.000000	,507.000000	,395.000000	,362.500000	,177.000000	,158.000000	,184.000000	,24.000000	,189.000000	,736.000000	,548.000000	,346.500000	,-33.000000	,127.500000	,185.000000	,177.000000	,-49.500000	,-94.500000	,64.500000	,162.000000	,106.000000	,26.500000	,-66.500000	,43.000000	,85.000000	,-17.000000	,-64.500000	,-36.000000	,-18.000000	,78.000000	,-94.500000	,19.500000	,-150.000000	,-165.000000	,-85.500000	,-79.000000	,133.000000	,41.500000	,135.500000	,88.500000	,108.500000	,-74.500000	,-160.000000	,147.500000	,209.500000	,471.500000	,323.000000	,532.000000	,302.000000	,190.500000	,-10.000000	,124.500000	,60.500000	,
50.500000	,71.000000	,163.000000	,124.000000	,-18.000000	,-15.000000	,164.500000	,178.500000	,400.000000	,159.500000	,148.000000	,-127.500000	,-108.500000	,-100.000000	,51.500000	,-134.000000	,-33.500000	,-200.500000	,-277.000000	,-137.500000	,-170.500000	,205.000000	,250.000000	,207.000000	,187.500000	,-98.500000	,47.500000	,-163.000000	,32.000000	,31.500000	,31.500000	,27.000000	,24.500000	,-194.500000	,-76.000000	,-361.500000	,-35.000000	,-286.500000	,-55.500000	,0.500000	,103.500000	,-49.500000	,-25.500000	,-27.500000	,146.000000	,182.500000	,-88.500000	,-110.500000	,-295.500000	,-315.500000	,-503.000000	,-243.000000	,-257.500000	,-78.000000	,-119.000000	,-166.500000	,-125.500000	,475.000000	,448.500000	,402.000000	,33.000000	,-212.500000	,-69.500000	,-181.000000	,154.500000	,169.000000	,-70.000000	,73.500000	,233.000000	,-190.000000	,-505.000000	,-729.500000	,-417.500000	,-398.000000	,-99.000000	,59.000000	,296.500000	,214.500000	,158.500000	,-17.500000	,-213.500000	,-162.000000	,-71.000000	,294.000000	,450.500000	,474.500000	,370.500000	,-72.500000	,-132.000000	,-222.000000	,193.500000	,310.000000	,60.500000	,33.500000	,293.500000	,422.000000	,228.500000	,-73.500000	,-40.500000	,92.500000	,89.000000	,-89.000000	,-360.000000	,-419.000000	,-394.000000	,-46.000000	,371.500000	,504.500000	,360.500000	,62.000000	,48.500000	,280.500000	,318.500000	,218.500000	,-300.000000	,-139.500000	,189.500000	,84.500000	,99.500000	,63.000000	,234.500000	,477.500000	,212.000000	,397.000000	,-134.500000	,66.500000	,41.500000	,72.000000	,-60.000000	,-113.500000	,-106.000000	,-151.000000	,34.000000	,55.000000	,-35.500000	,65.500000	,-164.500000	,24.000000	,-187.000000	,-24.500000	,-221.500000	,71.500000	,71.500000	,88.000000	,56.500000	,-295.500000	,-271.000000	,-301.500000	,-45.500000	,-24.500000	,55.000000	,511.500000	,304.000000	,-5.500000	,-215.000000	,-325.500000	,-326.500000	,-308.000000	,-192.500000	,202.500000	,159.000000	,91.000000	,-351.500000	,-477.000000	,-283.000000	,-82.000000	,298.500000	,636.500000	,508.000000	,404.000000	,420.000000	,193.500000	,146.000000	,227.500000	,334.500000	,217.000000	,-1.000000	,111.000000	,196.000000	,325.000000	,272.500000	,95.000000	,447.000000	,394.500000	,-31.500000	,-155.000000	,-133.500000	,162.500000	,70.000000	,-139.500000	,46.000000	,-1.000000	,-155.000000	,-365.000000	,-131.000000	,551.500000	,299.500000	,355.500000	,-180.000000	,-39.500000	,-47.000000	,-26.000000	,-9.000000	,-46.000000	,15.500000	,-32.500000	,-23.000000	,161.000000	,164.500000	,100.500000	,74.000000	,81.000000	,109.500000	,-163.500000	,-33.000000	,-91.500000	,-82.500000	,76.000000	,16.000000	,74.500000	,27.500000	,89.000000	,-17.500000	,-99.000000	,-118.500000	,-70.500000	,-103.500000	,-149.500000	,-128.500000	,-160.500000	,-83.000000	,101.500000	,92.500000	,152.000000	,86.000000	,-108.500000	,-64.500000	,-207.000000	,-94.500000	,-214.000000	,
-27.500000	,-28.000000	,4.500000	,-127.500000	,-48.500000	,-108.500000	,-104.000000	,-58.500000	,-55.500000	,-59.000000	,63.500000	,-167.500000	,-56.000000	,-264.000000	,-74.000000	,-85.000000	,-20.000000	,93.500000	,494.000000	,366.000000	,254.500000	,-117.000000	,-129.000000	,-90.500000	,-36.500000	,109.500000	,294.000000	,173.000000	,3.000000	,-70.000000	,-208.500000	,-3.000000	,-72.000000	,354.500000	,132.500000	,450.000000	,220.000000	,238.000000	,136.500000	,-123.000000	,-67.500000	,38.000000	,105.500000	,268.000000	,225.000000	,517.000000	,426.500000	,638.500000	,448.000000	,-102.500000	,-31.000000	,-19.000000	,57.000000	,-222.500000	,257.000000	,-245.000000	,192.500000	,-334.500000	,33.000000	,-138.000000	,73.500000	,34.000000	,-111.500000	,16.000000	,-219.500000	,-266.000000	,-179.500000	,12.000000	,-48.000000	,-619.500000	,-477.000000	,-540.500000	,161.500000	,302.500000	,292.500000	,42.000000	,-115.000000	,-255.000000	,-67.000000	,36.500000	,-241.000000	,-19.000000	,112.000000	,310.000000	,-66.000000	,-376.500000	,-600.500000	,-448.500000	,-202.500000	,-172.500000	,155.500000	,-257.500000	,229.500000	,194.500000	,312.000000	,514.000000	,750.000000	,504.000000	,50.500000	,-69.500000	,-11.500000	,-59.500000	,54.000000	,-260.000000	,89.500000	,-245.500000	,-303.000000	,108.000000	,330.500000	,407.000000	,-43.500000	,-169.000000	,-173.000000	,-23.000000	,255.500000	,-75.500000	,-92.000000	,97.500000	,230.000000	,137.000000	,227.000000	,-395.000000	,-71.000000	,-71.500000	,-27.000000	,99.500000	,6.500000	,38.000000	,-119.500000	,-199.500000	,-183.000000	,55.000000	,-77.000000	,-58.500000	,-7.000000	,11.500000	,53.500000	,-68.500000	,-37.000000	,-173.000000	,-243.000000	,-123.500000	,-217.500000	,233.500000	,320.000000	,374.000000	,303.500000	,100.500000	,-183.000000	,-139.500000	,-153.500000	,-117.500000	,297.500000	,337.500000	,324.000000	,1.000000	,-95.000000	,45.000000	,431.500000	,26.000000	,143.500000	,-283.000000	,-8.000000	,27.500000	,66.500000	,-17.000000	,98.000000	,525.000000	,485.000000	,165.000000	,237.500000	,423.000000	,265.500000	,131.500000	,-231.500000	,44.500000	,-156.500000	,-248.500000	,37.000000	,93.000000	,571.500000	,187.000000	,582.000000	,251.000000	,26.500000	,-552.500000	,-757.500000	,-813.500000	,-541.500000	,-475.000000	,-341.500000	,-238.000000	,422.000000	,624.500000	,1367.500000	,770.000000	,485.000000	,80.500000	,70.000000	,152.500000	,86.500000	,34.000000	,7.500000	,41.500000	,18.000000	,-78.000000	,-124.000000	,-72.000000	,-45.000000	,102.500000	,-80.500000	,-22.500000	,-84.500000	,55.000000	,49.500000	,108.000000	,-81.500000	,71.500000	,-0.500000	,94.500000	,-49.500000	,-76.500000	,4.000000	,86.000000	,91.500000	,-25.000000	,-182.000000	,-16.500000	,98.500000	,109.000000	,-101.000000	,-149.500000	,-57.000000	,-95.500000	,-15.000000	,160.500000	,160.000000	,233.000000	,-86.000000	,-55.500000	,
17.500000	,-55.000000	,-143.500000	,85.500000	,87.000000	,190.500000	,86.000000	,15.500000	,60.500000	,67.500000	,57.000000	,18.000000	,61.500000	,-276.000000	,-156.000000	,-397.500000	,-87.000000	,-4.500000	,120.000000	,136.500000	,-70.500000	,-145.500000	,-166.500000	,-237.000000	,-24.000000	,-95.000000	,11.500000	,123.000000	,319.000000	,307.000000	,75.500000	,-33.000000	,46.000000	,119.500000	,56.000000	,-122.000000	,-74.000000	,179.000000	,231.500000	,285.500000	,-106.500000	,-135.500000	,-101.500000	,105.000000	,382.000000	,312.000000	,65.000000	,-234.500000	,-190.500000	,87.000000	,173.500000	,79.500000	,53.000000	,156.000000	,105.000000	,289.500000	,0.000000	,-49.000000	,-370.500000	,-412.000000	,-430.000000	,-293.500000	,264.000000	,432.500000	,509.000000	,293.000000	,34.000000	,-80.000000	,-384.000000	,-359.000000	,-33.500000	,-53.000000	,275.000000	,178.500000	,26.500000	,-125.000000	,-170.000000	,-111.000000	,228.000000	,84.000000	,464.500000	,-74.000000	,-171.000000	,-448.000000	,-497.500000	,-285.000000	,-15.000000	,349.500000	,422.500000	,430.000000	,151.500000	,-169.000000	,-30.000000	,-3.500000	,-1.500000	,322.000000	,184.000000	,486.000000	,-100.500000	,87.000000	,-265.000000	,228.000000	,233.500000	,387.500000	,-59.500000	,-110.000000	,-151.500000	,-413.000000	,-183.000000	,-380.500000	,-52.500000	,-249.000000	,139.500000	,131.500000	,155.500000	,-404.000000	,-208.000000	,-273.000000	,83.000000	,-4.000000	,-31.500000	,-302.000000	,-432.000000	,-359.500000	,-67.000000	,-21.500000	,25.500000	,-52.500000	,216.500000	,527.500000	,421.000000	,319.000000	,304.000000	,68.500000	,43.500000	,-203.000000	,-47.000000	,198.500000	,319.500000	,414.500000	,259.500000	,43.500000	,131.000000	,-30.500000	,335.500000	,328.500000	,351.000000	,207.000000	,-102.000000	,31.500000	,-229.500000	,53.000000	,-290.500000	,170.000000	,210.500000	,535.500000	,483.500000	,355.500000	,60.500000	,-219.000000	,-540.000000	,-171.500000	,-179.500000	,192.000000	,-181.000000	,-117.500000	,-196.000000	,347.500000	,21.500000	,109.500000	,-367.500000	,-194.500000	,-92.500000	,-363.000000	,-278.500000	,-271.500000	,241.500000	,313.000000	,37.500000	,-203.500000	,-203.500000	,116.000000	,-88.500000	,-492.500000	,-477.000000	,-202.500000	,0.000000	,250.000000	,160.000000	,380.500000	,240.000000	,204.000000	,843.000000	,1154.500000	,1104.500000	,559.000000	,78.000000	,50.000000	,84.500000	,0.000000	,-13.500000	,0.000000	,1.500000	,-88.500000	,-40.500000	,-261.000000	,-91.500000	,-129.000000	,50.500000	,85.000000	,135.500000	,197.500000	,297.000000	,104.500000	,13.000000	,-167.500000	,-87.500000	,46.000000	,-139.500000	,-198.500000	,-374.000000	,-115.000000	,-172.500000	,11.000000	,-188.500000	,-39.500000	,-250.000000	,110.500000	,76.000000	,193.000000	,-104.500000	,-111.000000	,-22.500000	,40.500000	,6.000000	,22.000000	,11.500000	,-9.500000	,36.000000	,66.500000	,
80.000000	,151.500000	,100.000000	,38.500000	,79.000000	,-83.500000	,-57.000000	,-168.000000	,-230.500000	,-323.000000	,-149.000000	,134.000000	,144.500000	,310.500000	,237.000000	,510.000000	,358.000000	,234.500000	,-56.500000	,-111.000000	,7.500000	,60.000000	,50.000000	,-38.000000	,-150.500000	,-149.500000	,-211.500000	,-237.000000	,-141.000000	,-153.000000	,93.500000	,60.500000	,-16.000000	,-107.000000	,-82.500000	,175.500000	,104.000000	,49.500000	,-48.500000	,-57.500000	,-136.500000	,132.000000	,51.000000	,137.500000	,-64.500000	,100.500000	,35.500000	,383.000000	,144.000000	,268.000000	,-97.500000	,98.000000	,-22.000000	,143.500000	,220.500000	,205.500000	,47.000000	,352.000000	,-77.500000	,226.500000	,-20.000000	,399.000000	,334.500000	,427.500000	,434.500000	,528.000000	,427.000000	,139.500000	,-366.500000	,-198.500000	,-317.000000	,-6.000000	,-249.500000	,-152.000000	,-186.000000	,124.500000	,76.000000	,-136.000000	,-397.500000	,-228.000000	,-398.000000	,68.500000	,15.000000	,169.500000	,255.000000	,25.500000	,118.500000	,94.500000	,477.000000	,473.000000	,338.000000	,57.000000	,-311.500000	,-105.500000	,-213.500000	,-149.000000	,-196.500000	,-98.500000	,58.500000	,133.500000	,-112.000000	,93.000000	,-43.000000	,88.000000	,-227.500000	,234.500000	,-26.500000	,-4.000000	,-115.500000	,66.000000	,117.500000	,248.500000	,68.000000	,246.500000	,-9.500000	,282.500000	,-249.000000	,96.500000	,6.000000	,186.000000	,155.500000	,155.500000	,-66.500000	,-76.000000	,-255.500000	,23.000000	,-62.500000	,52.000000	,-172.500000	,96.500000	,-213.500000	,81.000000	,-415.500000	,-150.500000	,-282.500000	,70.500000	,10.000000	,27.000000	,-285.000000	,-410.500000	,-292.500000	,-690.000000	,-281.500000	,-427.500000	,-100.000000	,-267.500000	,-361.500000	,-438.500000	,-431.500000	,-580.500000	,-305.500000	,-102.500000	,158.500000	,-32.500000	,36.500000	,-129.500000	,26.000000	,-127.500000	,-457.000000	,-51.000000	,17.500000	,465.500000	,129.500000	,103.500000	,129.000000	,63.500000	,464.000000	,35.500000	,485.000000	,-68.500000	,124.000000	,-336.000000	,-266.000000	,-119.000000	,208.000000	,-85.000000	,194.000000	,23.500000	,158.500000	,-61.000000	,-311.500000	,-355.000000	,-385.000000	,-121.000000	,-82.000000	,114.000000	,-137.000000	,183.500000	,-233.500000	,300.500000	,-61.500000	,678.500000	,199.500000	,284.000000	,-131.000000	,-154.000000	,-44.500000	,-44.500000	,-11.500000	,-70.500000	,-139.500000	,-139.500000	,-135.000000	,34.500000	,-51.000000	,179.500000	,109.500000	,193.500000	,-104.500000	,-117.000000	,-154.500000	,-42.000000	,-133.500000	,-212.000000	,-149.000000	,-218.000000	,108.500000	,75.500000	,-59.500000	,-327.000000	,99.000000	,60.000000	,297.500000	,-56.500000	,240.000000	,342.500000	,452.500000	,160.500000	,160.000000	,160.500000	,79.500000	,129.000000	,-135.000000	,-30.000000	,-98.000000	,-69.000000	,-66.000000	,-226.500000	,-86.500000	,-74.000000	,
-206.500000	,-171.500000	,-92.500000	,65.000000	,17.000000	,8.500000	,-174.500000	,-220.000000	,-163.000000	,-193.000000	,-192.000000	,41.500000	,97.000000	,224.500000	,-28.500000	,-49.500000	,-396.000000	,-119.500000	,-255.500000	,-23.000000	,-61.000000	,82.000000	,-78.500000	,94.500000	,-337.000000	,-34.000000	,-92.500000	,-287.500000	,-115.500000	,-169.500000	,-4.500000	,-55.000000	,-213.000000	,-57.000000	,-44.500000	,30.500000	,-13.000000	,-265.500000	,-252.000000	,-196.500000	,119.500000	,130.000000	,157.000000	,-114.000000	,-125.000000	,-186.500000	,114.500000	,211.000000	,387.500000	,245.500000	,248.000000	,-167.000000	,-185.000000	,-192.500000	,46.500000	,132.000000	,40.500000	,76.000000	,12.500000	,-44.000000	,5.000000	,-257.500000	,-123.500000	,-304.500000	,-217.000000	,-328.500000	,94.000000	,132.000000	,243.500000	,343.500000	,345.500000	,280.500000	,323.500000	,-74.500000	,-63.000000	,-120.000000	,-98.000000	,-113.000000	,-163.500000	,-61.000000	,8.500000	,-24.500000	,-21.000000	,18.000000	,196.000000	,44.000000	,-171.500000	,-359.000000	,-598.000000	,-208.500000	,-151.500000	,0.500000	,-314.000000	,-450.500000	,-492.500000	,-293.500000	,-564.000000	,-249.500000	,-400.000000	,-47.500000	,-50.500000	,-141.500000	,-282.500000	,-174.500000	,-91.500000	,-160.000000	,-310.500000	,-176.000000	,-147.000000	,-71.500000	,-129.000000	,-114.500000	,-253.000000	,-278.000000	,-69.000000	,405.000000	,20.500000	,44.500000	,-225.000000	,-131.000000	,28.000000	,286.500000	,287.000000	,528.000000	,360.000000	,44.000000	,-78.500000	,-209.500000	,14.500000	,-406.000000	,-242.500000	,-196.500000	,328.500000	,317.500000	,464.500000	,558.000000	,599.000000	,438.000000	,221.500000	,335.500000	,5.000000	,-189.000000	,-253.500000	,-323.500000	,-443.000000	,-161.500000	,-346.000000	,61.500000	,116.500000	,360.500000	,399.000000	,314.500000	,148.500000	,52.000000	,86.500000	,31.000000	,109.500000	,28.000000	,323.000000	,166.000000	,177.000000	,53.500000	,211.000000	,466.500000	,222.000000	,12.500000	,-487.500000	,159.000000	,232.000000	,569.500000	,433.000000	,-99.500000	,-275.000000	,-329.000000	,121.500000	,15.500000	,199.000000	,-59.500000	,-191.000000	,41.000000	,-44.000000	,140.500000	,213.000000	,-25.500000	,248.000000	,-1.500000	,217.500000	,156.000000	,29.500000	,236.500000	,564.500000	,571.500000	,373.500000	,6.000000	,-53.000000	,116.000000	,5.500000	,82.000000	,-34.500000	,-105.000000	,-126.000000	,-105.000000	,-157.500000	,-72.000000	,-135.500000	,-121.000000	,-76.000000	,-161.000000	,-151.500000	,-34.500000	,-165.000000	,-142.500000	,-108.500000	,149.500000	,76.000000	,150.500000	,-41.000000	,-44.000000	,13.500000	,74.500000	,188.500000	,162.500000	,-17.500000	,-17.500000	,-97.500000	,0.000000	,-105.000000	,-57.000000	,32.500000	,-2.000000	,230.000000	,131.500000	,68.500000	,-67.500000	,-103.000000	,118.500000	,97.000000	,-10.000000	,-81.500000	,-187.000000	,
-190.000000	,-180.000000	,-153.000000	,-154.500000	,154.500000	,-62.500000	,53.000000	,-70.000000	,354.500000	,421.500000	,211.500000	,53.500000	,28.000000	,5.500000	,-143.000000	,-262.500000	,-323.000000	,-66.500000	,78.500000	,123.000000	,150.000000	,45.500000	,191.000000	,266.500000	,359.500000	,346.000000	,282.500000	,261.000000	,74.500000	,-113.000000	,-76.500000	,-343.500000	,-31.000000	,-157.000000	,48.500000	,55.500000	,5.500000	,-51.000000	,-170.000000	,-222.500000	,-54.000000	,-67.000000	,-66.500000	,-127.500000	,-262.500000	,-298.000000	,-308.500000	,-145.000000	,162.500000	,90.500000	,-118.000000	,-293.000000	,-211.000000	,-94.000000	,-192.500000	,-448.500000	,58.000000	,-4.000000	,355.000000	,382.500000	,427.500000	,-70.500000	,-190.500000	,-576.500000	,-341.500000	,-123.000000	,-215.000000	,-659.500000	,-163.000000	,-463.000000	,159.000000	,50.000000	,370.000000	,720.500000	,570.000000	,440.500000	,-58.000000	,110.500000	,188.500000	,597.000000	,162.000000	,25.000000	,-215.000000	,34.000000	,156.500000	,474.500000	,301.500000	,195.000000	,-23.500000	,-351.000000	,106.500000	,460.000000	,528.500000	,358.000000	,251.500000	,222.000000	,256.000000	,-26.000000	,148.500000	,-61.000000	,102.500000	,-86.000000	,157.000000	,78.500000	,116.000000	,-102.000000	,275.000000	,-313.000000	,-251.500000	,-466.000000	,-107.000000	,82.000000	,-11.000000	,-227.500000	,-215.000000	,226.500000	,117.000000	,128.000000	,-98.000000	,-238.500000	,160.500000	,-177.500000	,467.000000	,128.500000	,256.000000	,51.000000	,-98.000000	,251.000000	,235.000000	,424.500000	,251.000000	,308.500000	,350.500000	,148.500000	,134.500000	,-82.500000	,15.000000	,150.500000	,299.500000	,369.500000	,358.000000	,218.000000	,-213.500000	,-455.500000	,-189.500000	,206.500000	,164.500000	,8.000000	,171.000000	,411.500000	,536.500000	,387.000000	,182.500000	,71.000000	,109.000000	,20.000000	,-168.500000	,-272.000000	,-254.500000	,-216.500000	,-517.000000	,-387.000000	,-388.500000	,-148.500000	,273.500000	,118.500000	,433.000000	,-253.000000	,11.500000	,150.500000	,408.000000	,377.500000	,-55.500000	,44.000000	,-152.500000	,-138.000000	,89.000000	,190.000000	,142.500000	,116.000000	,24.500000	,142.500000	,-1.500000	,-60.500000	,-351.500000	,-93.500000	,191.500000	,292.000000	,795.000000	,820.000000	,926.000000	,674.500000	,186.500000	,-66.500000	,-198.000000	,-84.500000	,-92.500000	,-107.000000	,-93.500000	,83.000000	,270.000000	,222.000000	,249.000000	,216.500000	,385.000000	,313.000000	,110.500000	,-137.500000	,84.000000	,111.000000	,37.500000	,12.000000	,24.000000	,228.000000	,261.500000	,206.000000	,95.000000	,202.500000	,107.000000	,335.000000	,-5.500000	,-30.000000	,-15.000000	,-105.000000	,122.500000	,85.000000	,104.500000	,-86.500000	,-91.000000	,-110.500000	,-156.000000	,-26.500000	,151.000000	,188.500000	,140.000000	,-61.500000	,41.000000	,181.500000	,160.500000	,105.000000	,
273.500000	,438.000000	,337.500000	,170.500000	,28.500000	,22.500000	,84.500000	,72.000000	,183.000000	,193.500000	,46.500000	,-161.000000	,-137.500000	,-246.000000	,105.000000	,-76.000000	,448.500000	,-26.500000	,81.500000	,-61.500000	,-9.000000	,-67.500000	,-8.500000	,3.500000	,-128.500000	,-130.000000	,-18.500000	,317.000000	,250.500000	,180.500000	,-3.500000	,-132.000000	,-154.000000	,-80.500000	,-132.000000	,-27.000000	,58.000000	,19.000000	,-35.000000	,-151.000000	,-137.500000	,-166.000000	,32.000000	,31.000000	,255.500000	,240.500000	,115.500000	,-113.500000	,-139.500000	,201.500000	,239.500000	,586.000000	,272.500000	,6.500000	,159.500000	,46.000000	,252.500000	,-214.000000	,-164.000000	,-202.500000	,-31.500000	,244.500000	,-48.000000	,240.500000	,-130.000000	,99.000000	,-303.500000	,-240.500000	,-385.000000	,-97.000000	,-700.000000	,-717.500000	,-810.500000	,-346.500000	,-62.500000	,332.000000	,306.000000	,-12.500000	,-287.500000	,-400.500000	,-155.500000	,130.000000	,259.500000	,9.000000	,-66.000000	,-254.500000	,259.500000	,370.500000	,159.500000	,-85.000000	,-341.500000	,-256.500000	,-37.000000	,281.000000	,684.000000	,511.500000	,515.500000	,107.500000	,204.500000	,66.000000	,-130.000000	,-58.000000	,122.500000	,381.500000	,475.000000	,430.500000	,21.000000	,-30.500000	,-198.500000	,-338.000000	,-404.500000	,-171.000000	,222.500000	,370.500000	,108.500000	,-335.000000	,132.000000	,-9.000000	,64.500000	,-258.000000	,46.500000	,-34.500000	,-166.500000	,-388.500000	,-357.000000	,37.000000	,-89.500000	,459.000000	,85.500000	,-3.000000	,-47.000000	,-408.500000	,-83.500000	,-153.000000	,414.500000	,29.000000	,-93.500000	,-407.000000	,-390.000000	,-290.500000	,-268.500000	,-110.500000	,-704.000000	,-301.000000	,-334.000000	,143.000000	,0.000000	,-120.500000	,-26.000000	,-316.000000	,-260.000000	,-369.000000	,-228.500000	,-367.000000	,-268.000000	,-424.000000	,-434.500000	,-635.000000	,-534.500000	,-342.000000	,-6.000000	,-2.500000	,18.500000	,-84.500000	,99.500000	,296.500000	,42.000000	,141.000000	,1.000000	,547.000000	,444.500000	,620.000000	,200.000000	,358.500000	,99.500000	,56.500000	,-221.500000	,-292.500000	,-304.000000	,-238.500000	,-151.500000	,-36.500000	,-227.500000	,61.500000	,102.000000	,186.000000	,215.000000	,618.500000	,925.000000	,942.000000	,467.500000	,-31.000000	,207.500000	,331.500000	,202.000000	,63.500000	,-49.500000	,47.000000	,-80.500000	,26.000000	,-44.500000	,-26.500000	,-168.000000	,-123.000000	,-84.500000	,-65.000000	,-36.500000	,50.000000	,49.000000	,37.000000	,-80.000000	,-83.500000	,-173.500000	,-358.500000	,-260.500000	,-80.500000	,32.000000	,0.000000	,226.500000	,226.500000	,123.000000	,71.500000	,96.500000	,183.500000	,8.500000	,-96.000000	,-45.000000	,-228.000000	,-75.000000	,-159.000000	,-234.000000	,-169.500000	,-267.000000	,-98.000000	,-33.500000	,-89.000000	,-51.500000	,-68.000000	,85.000000	,-100.000000	,
-124.000000	,-52.500000	,-147.000000	,-102.000000	,-216.000000	,195.500000	,111.500000	,105.500000	,-190.500000	,-180.000000	,-190.000000	,-202.000000	,-280.000000	,-336.500000	,-123.500000	,230.000000	,278.500000	,200.500000	,-76.500000	,-169.500000	,-60.000000	,-100.500000	,-93.000000	,-114.500000	,-53.500000	,23.000000	,-114.500000	,-124.500000	,-118.000000	,77.500000	,71.000000	,435.000000	,378.500000	,512.500000	,223.000000	,3.000000	,-129.000000	,40.500000	,310.500000	,457.000000	,293.500000	,130.000000	,-85.500000	,87.000000	,51.500000	,222.500000	,57.500000	,90.000000	,-139.500000	,-37.500000	,199.000000	,460.000000	,298.000000	,330.000000	,-115.500000	,57.000000	,-159.000000	,-100.000000	,-298.000000	,-287.500000	,-391.000000	,-223.500000	,185.000000	,159.500000	,164.000000	,-249.000000	,-646.000000	,-96.500000	,-351.500000	,104.000000	,14.000000	,-124.000000	,38.000000	,-442.500000	,-349.000000	,-229.000000	,224.500000	,170.500000	,178.500000	,32.000000	,216.000000	,188.000000	,12.000000	,-247.500000	,-466.500000	,-390.000000	,-355.500000	,27.000000	,25.500000	,321.500000	,-69.000000	,-239.000000	,-290.500000	,-49.500000	,386.000000	,134.500000	,44.500000	,-93.500000	,-249.500000	,73.500000	,-191.500000	,174.000000	,-263.500000	,38.000000	,-352.500000	,-327.000000	,-354.000000	,-253.500000	,-47.000000	,16.500000	,-26.500000	,-71.000000	,-217.000000	,52.500000	,-24.000000	,-433.500000	,-167.000000	,-275.500000	,-1.500000	,-156.000000	,140.500000	,82.000000	,-110.000000	,-89.500000	,38.500000	,-182.500000	,81.500000	,-116.000000	,1.500000	,148.500000	,121.500000	,275.500000	,42.500000	,-99.500000	,-172.500000	,158.000000	,157.500000	,133.500000	,-327.500000	,-604.000000	,-61.500000	,-160.000000	,381.000000	,-112.500000	,-295.000000	,-152.500000	,174.000000	,248.000000	,170.000000	,-13.500000	,-277.500000	,-549.000000	,-496.500000	,-226.500000	,-33.500000	,292.000000	,191.500000	,89.000000	,169.500000	,114.500000	,336.000000	,417.500000	,177.500000	,151.500000	,-54.500000	,-87.000000	,-161.500000	,254.500000	,213.500000	,475.000000	,269.000000	,336.000000	,-73.000000	,127.500000	,-68.000000	,-89.000000	,-226.000000	,-262.500000	,-87.500000	,-38.000000	,283.000000	,190.500000	,134.500000	,281.500000	,688.500000	,877.000000	,940.500000	,502.500000	,404.500000	,184.500000	,31.500000	,118.500000	,208.500000	,331.500000	,76.000000	,72.500000	,-45.000000	,66.000000	,-102.500000	,-24.000000	,-202.500000	,-78.000000	,-304.500000	,-124.500000	,-232.500000	,66.500000	,221.000000	,228.500000	,-57.000000	,-178.500000	,-289.000000	,-88.000000	,-251.500000	,-175.000000	,-309.500000	,-251.000000	,-31.000000	,0.000000	,-40.500000	,-12.000000	,-144.000000	,-84.000000	,-211.500000	,-207.000000	,-106.500000	,-140.500000	,-35.500000	,185.000000	,300.500000	,311.000000	,171.500000	,6.000000	,31.500000	,-101.000000	,-47.000000	,-27.500000	,-112.500000	,81.000000	,97.500000	,71.000000	,
-161.500000	,-75.000000	,-154.500000	,-177.500000	,-140.000000	,24.500000	,197.000000	,-2.500000	,-33.500000	,-90.000000	,-56.000000	,220.500000	,27.000000	,266.500000	,42.500000	,135.500000	,121.500000	,181.500000	,139.500000	,9.500000	,-36.000000	,166.500000	,-38.000000	,17.500000	,84.500000	,227.000000	,169.500000	,-169.000000	,-169.000000	,-231.000000	,-1.000000	,123.500000	,177.500000	,-4.500000	,-46.500000	,-4.500000	,103.000000	,245.000000	,252.500000	,68.000000	,-297.500000	,-339.500000	,-426.000000	,-154.500000	,-11.500000	,-125.500000	,90.000000	,-44.000000	,9.000000	,-119.500000	,48.000000	,52.000000	,310.000000	,13.500000	,52.500000	,-206.000000	,58.000000	,55.000000	,219.000000	,90.500000	,42.500000	,-61.500000	,162.000000	,126.500000	,484.000000	,-16.000000	,128.000000	,-280.000000	,-157.500000	,-310.000000	,129.000000	,170.000000	,312.500000	,-38.500000	,-232.000000	,-179.500000	,170.000000	,336.500000	,423.000000	,-0.500000	,-195.000000	,-542.000000	,-332.500000	,-275.000000	,17.500000	,131.500000	,-182.500000	,-273.500000	,-449.500000	,-421.500000	,-304.500000	,-258.000000	,61.000000	,256.000000	,398.000000	,600.000000	,348.500000	,-51.000000	,-165.500000	,-540.000000	,-119.000000	,-245.000000	,-21.000000	,-55.000000	,97.000000	,239.500000	,571.000000	,308.000000	,538.000000	,386.500000	,447.500000	,142.000000	,240.500000	,70.500000	,216.000000	,583.500000	,202.000000	,305.000000	,157.500000	,329.500000	,383.000000	,75.500000	,310.500000	,143.500000	,317.500000	,-128.000000	,-289.500000	,-404.000000	,-65.000000	,-35.000000	,-6.000000	,121.500000	,-99.500000	,-278.000000	,-650.500000	,-629.000000	,-649.500000	,-112.000000	,130.500000	,179.000000	,138.000000	,36.000000	,117.000000	,54.000000	,-87.000000	,147.000000	,46.500000	,237.500000	,-278.000000	,247.000000	,-250.000000	,-63.500000	,-512.000000	,61.000000	,-314.500000	,129.500000	,-37.500000	,323.500000	,389.500000	,316.500000	,343.500000	,200.500000	,-105.500000	,-279.500000	,-311.000000	,-275.500000	,-133.000000	,-183.500000	,66.500000	,-154.000000	,429.000000	,397.000000	,725.500000	,59.500000	,35.000000	,156.500000	,98.500000	,123.000000	,132.000000	,195.500000	,217.000000	,52.000000	,95.500000	,397.000000	,584.000000	,1309.500000	,850.500000	,600.500000	,-94.000000	,-229.000000	,-358.000000	,-124.000000	,-199.500000	,-48.000000	,3.500000	,80.000000	,-9.000000	,-23.000000	,-74.000000	,28.500000	,69.500000	,117.500000	,-41.000000	,-99.500000	,-171.500000	,-277.000000	,-307.500000	,-156.000000	,-140.500000	,145.000000	,204.500000	,273.000000	,412.000000	,358.500000	,414.000000	,57.000000	,-73.500000	,-160.500000	,-125.000000	,-113.000000	,208.000000	,-15.000000	,-1.500000	,-289.000000	,-46.000000	,-172.000000	,-141.000000	,-235.500000	,-193.500000	,-62.000000	,76.000000	,192.500000	,253.000000	,68.500000	,67.000000	,70.000000	,70.000000	,-36.000000	,41.500000	,-1.500000	,
-103.500000	,-59.500000	,135.500000	,-98.000000	,-58.500000	,-273.000000	,-108.000000	,-15.500000	,94.500000	,94.500000	,247.500000	,73.000000	,342.000000	,-62.500000	,138.500000	,-205.500000	,-36.000000	,64.000000	,-41.000000	,105.000000	,-114.000000	,6.500000	,-75.000000	,69.500000	,-84.000000	,70.000000	,-57.500000	,165.500000	,-53.500000	,15.500000	,-147.500000	,-132.000000	,-7.500000	,-109.500000	,-87.500000	,-92.000000	,10.000000	,-146.500000	,-152.500000	,-170.000000	,8.500000	,145.000000	,-30.000000	,-102.000000	,27.500000	,262.000000	,69.500000	,67.500000	,-166.500000	,-11.000000	,-56.000000	,46.000000	,-36.000000	,167.500000	,197.500000	,373.500000	,-166.000000	,29.000000	,-244.000000	,-128.500000	,-162.500000	,-128.000000	,-165.500000	,19.000000	,-293.000000	,-327.000000	,-393.500000	,-515.000000	,-263.000000	,-182.000000	,317.500000	,282.500000	,336.500000	,461.500000	,139.500000	,-82.000000	,-365.500000	,-253.500000	,-266.000000	,-160.000000	,-90.000000	,166.500000	,276.000000	,490.500000	,207.500000	,80.500000	,-126.500000	,-35.500000	,13.000000	,120.500000	,-78.500000	,-75.500000	,-51.500000	,528.500000	,186.500000	,122.000000	,-363.000000	,-91.500000	,-258.000000	,80.000000	,193.500000	,201.500000	,238.500000	,144.000000	,102.000000	,55.500000	,-173.500000	,122.000000	,81.000000	,168.500000	,99.000000	,41.000000	,108.000000	,35.500000	,-7.000000	,242.500000	,298.500000	,167.000000	,165.000000	,-498.000000	,-396.000000	,-318.500000	,-508.000000	,-233.000000	,-224.500000	,-47.500000	,50.000000	,45.500000	,-103.500000	,-273.500000	,-524.000000	,-491.500000	,-194.500000	,65.000000	,214.500000	,205.000000	,26.500000	,87.000000	,137.000000	,231.500000	,-217.000000	,-202.500000	,-39.000000	,247.500000	,-117.000000	,-192.500000	,11.500000	,83.000000	,277.000000	,-24.500000	,238.500000	,143.000000	,321.000000	,166.000000	,351.000000	,443.500000	,530.500000	,112.500000	,155.500000	,-118.500000	,-19.000000	,54.500000	,-165.000000	,-94.000000	,-406.500000	,63.000000	,12.000000	,287.500000	,100.000000	,-11.000000	,-170.500000	,201.000000	,399.500000	,419.000000	,164.500000	,-7.000000	,68.000000	,85.500000	,-48.500000	,-50.000000	,-319.500000	,-83.500000	,417.000000	,994.500000	,634.500000	,360.000000	,153.500000	,11.000000	,-148.000000	,-284.000000	,-143.500000	,-188.500000	,166.500000	,-49.000000	,-28.000000	,-235.500000	,-65.000000	,135.500000	,36.500000	,-165.500000	,-77.000000	,-153.500000	,-77.000000	,40.500000	,-153.000000	,-148.500000	,-221.500000	,-97.000000	,-46.500000	,-77.500000	,123.000000	,66.000000	,113.000000	,213.000000	,235.500000	,237.000000	,7.000000	,-160.500000	,20.000000	,-140.500000	,20.000000	,26.000000	,123.000000	,202.000000	,41.000000	,135.000000	,63.000000	,123.000000	,40.500000	,-116.500000	,-122.500000	,-158.500000	,-85.000000	,52.500000	,25.500000	,72.000000	,3.500000	,-36.000000	,-102.000000	,-97.000000	,
-174.000000	,-15.500000	,-142.500000	,119.000000	,452.000000	,210.500000	,10.500000	,-360.000000	,-33.000000	,-235.500000	,-70.500000	,37.000000	,64.000000	,269.000000	,209.500000	,166.500000	,-47.000000	,-14.000000	,123.000000	,175.000000	,152.000000	,-0.500000	,164.500000	,207.000000	,207.000000	,-48.000000	,50.000000	,77.500000	,203.000000	,160.500000	,76.000000	,-159.000000	,-306.000000	,-361.500000	,-252.000000	,-153.000000	,-75.000000	,-8.500000	,-14.500000	,-52.000000	,153.000000	,445.000000	,362.500000	,137.500000	,-99.000000	,-7.500000	,121.000000	,123.000000	,183.500000	,121.000000	,35.000000	,-9.000000	,-3.000000	,125.500000	,101.500000	,128.500000	,156.000000	,385.000000	,548.500000	,649.000000	,652.500000	,357.500000	,-79.000000	,-610.000000	,-964.500000	,-694.500000	,-695.000000	,50.500000	,147.000000	,96.000000	,-82.500000	,-102.500000	,-98.000000	,-5.000000	,86.500000	,-202.500000	,-287.000000	,-291.500000	,-315.500000	,-39.000000	,93.000000	,613.500000	,540.000000	,473.000000	,88.500000	,272.500000	,273.500000	,183.000000	,78.500000	,258.000000	,231.000000	,67.500000	,-177.000000	,-285.500000	,-383.000000	,-220.500000	,-46.500000	,493.500000	,288.500000	,477.500000	,473.500000	,413.000000	,64.500000	,-95.000000	,-20.500000	,-425.000000	,-27.500000	,-23.000000	,-63.500000	,138.500000	,-188.000000	,-203.000000	,-426.500000	,-588.000000	,-529.500000	,-289.000000	,-410.500000	,-324.000000	,-223.500000	,-291.500000	,256.500000	,-55.000000	,230.000000	,198.000000	,186.500000	,399.500000	,93.000000	,-143.500000	,-226.500000	,-62.000000	,88.500000	,-7.500000	,59.500000	,-11.000000	,262.500000	,169.000000	,159.000000	,-136.000000	,-72.000000	,-171.500000	,-149.500000	,-333.000000	,-251.000000	,-687.500000	,-511.000000	,-881.500000	,-294.500000	,-441.000000	,-456.000000	,-377.000000	,-184.000000	,234.000000	,257.500000	,317.000000	,-18.500000	,-100.500000	,-283.500000	,-116.500000	,-46.000000	,-101.000000	,52.000000	,-105.000000	,121.500000	,-128.500000	,135.500000	,124.500000	,109.000000	,-85.500000	,149.500000	,9.500000	,63.000000	,-94.500000	,305.000000	,331.000000	,505.000000	,-179.500000	,10.000000	,-193.000000	,-239.500000	,-105.500000	,111.500000	,385.500000	,912.000000	,570.000000	,492.500000	,-172.500000	,-122.500000	,34.500000	,256.500000	,291.500000	,310.000000	,-5.000000	,-95.000000	,-77.500000	,-41.500000	,-179.000000	,-38.500000	,23.000000	,35.000000	,-144.000000	,-103.500000	,-282.000000	,229.500000	,203.000000	,227.000000	,70.500000	,-77.500000	,-71.500000	,-33.500000	,-139.000000	,-46.000000	,-205.000000	,-96.000000	,-154.500000	,-151.500000	,-34.500000	,-115.500000	,180.500000	,180.500000	,180.500000	,0.000000	,162.000000	,250.000000	,238.000000	,-94.500000	,-80.000000	,-40.500000	,180.500000	,168.000000	,62.000000	,-38.000000	,-126.500000	,-84.000000	,-66.000000	,-29.500000	,-19.500000	,-32.500000	,90.000000	,-46.000000	,-64.000000	,
93.500000	,199.500000	,304.500000	,255.000000	,175.500000	,42.000000	,-34.500000	,181.000000	,284.500000	,244.000000	,-60.000000	,-133.500000	,-55.500000	,12.500000	,57.500000	,27.500000	,4.000000	,37.000000	,13.000000	,0.000000	,-9.500000	,8.000000	,46.000000	,55.500000	,35.000000	,-67.500000	,15.500000	,-239.500000	,-188.000000	,-105.500000	,11.500000	,49.000000	,-229.000000	,-84.500000	,-132.000000	,-43.500000	,4.000000	,90.500000	,206.000000	,8.000000	,-87.000000	,-240.000000	,-10.500000	,-85.500000	,16.500000	,-67.000000	,-101.500000	,-47.500000	,-247.500000	,-126.000000	,-351.000000	,-223.500000	,-130.500000	,-13.500000	,175.500000	,153.500000	,380.500000	,286.000000	,434.500000	,257.000000	,44.000000	,-86.000000	,-9.000000	,-302.500000	,-270.500000	,-417.500000	,135.500000	,-101.500000	,291.500000	,86.000000	,33.000000	,250.000000	,81.000000	,143.500000	,-262.000000	,28.500000	,144.000000	,304.500000	,411.500000	,187.000000	,141.000000	,-65.000000	,-263.000000	,-418.500000	,-260.500000	,-101.500000	,-96.500000	,81.000000	,-234.000000	,42.000000	,-79.000000	,170.500000	,13.000000	,17.000000	,-335.500000	,-193.000000	,10.000000	,92.000000	,335.500000	,46.500000	,240.500000	,29.500000	,13.000000	,212.500000	,140.500000	,422.000000	,197.500000	,401.500000	,257.500000	,56.000000	,174.500000	,-113.500000	,-29.000000	,-269.500000	,-159.500000	,27.000000	,-89.000000	,155.000000	,-303.500000	,-136.500000	,120.500000	,239.000000	,352.500000	,265.500000	,143.000000	,-119.500000	,-174.500000	,-335.000000	,-254.500000	,-224.500000	,-129.000000	,149.500000	,351.000000	,109.000000	,145.500000	,-123.000000	,-289.000000	,-233.000000	,-312.500000	,-24.500000	,142.500000	,329.500000	,36.000000	,255.000000	,244.000000	,245.500000	,-352.500000	,-309.000000	,-434.500000	,163.500000	,223.000000	,193.500000	,-95.500000	,-221.500000	,-29.000000	,-160.000000	,-108.500000	,225.500000	,14.000000	,-77.500000	,-368.500000	,-460.000000	,-222.000000	,-468.000000	,-240.500000	,-432.500000	,-291.000000	,-533.000000	,-426.500000	,-282.500000	,116.000000	,303.500000	,790.500000	,480.500000	,661.000000	,127.000000	,386.500000	,191.000000	,224.000000	,579.000000	,1038.000000	,1282.500000	,867.000000	,213.000000	,-186.000000	,-159.000000	,-162.000000	,-151.500000	,-94.500000	,115.000000	,239.500000	,319.500000	,120.500000	,189.000000	,158.500000	,172.500000	,10.500000	,-69.000000	,29.500000	,342.500000	,338.500000	,458.500000	,151.500000	,88.000000	,-67.500000	,-51.500000	,-44.500000	,-96.000000	,162.000000	,199.000000	,182.500000	,-59.000000	,-139.500000	,-306.000000	,-4.500000	,20.000000	,92.000000	,-187.500000	,-40.500000	,-136.500000	,-66.000000	,-32.000000	,-23.000000	,-67.000000	,-9.500000	,71.000000	,68.500000	,-134.000000	,-145.500000	,-6.000000	,258.000000	,316.500000	,241.500000	,60.000000	,-96.000000	,0.000000	,-7.000000	,80.000000	,135.000000	,-9.000000	,
-54.000000	,-81.500000	,-92.500000	,-92.500000	,-86.500000	,148.000000	,201.500000	,165.500000	,8.500000	,-57.000000	,54.500000	,-49.000000	,-76.000000	,-301.500000	,-156.000000	,-147.000000	,-141.500000	,-114.500000	,-143.000000	,-43.500000	,-169.500000	,-82.500000	,-138.000000	,-10.500000	,-17.500000	,74.000000	,45.500000	,-111.000000	,-235.500000	,-298.000000	,-109.000000	,64.500000	,331.500000	,135.500000	,148.000000	,-130.500000	,-182.000000	,33.000000	,-91.500000	,-205.000000	,-154.500000	,-257.000000	,-200.500000	,-80.500000	,-213.000000	,-94.500000	,10.500000	,-16.500000	,210.000000	,94.500000	,37.500000	,-217.500000	,-153.000000	,-127.500000	,-136.500000	,-132.000000	,-66.000000	,-55.500000	,-103.500000	,-91.500000	,-247.500000	,220.000000	,67.000000	,-37.500000	,-247.000000	,-119.500000	,-104.000000	,98.000000	,-101.000000	,-67.000000	,-353.500000	,-285.500000	,-238.500000	,-357.500000	,102.000000	,149.000000	,280.500000	,434.500000	,213.500000	,130.500000	,185.500000	,-65.000000	,19.500000	,19.000000	,186.500000	,2.000000	,-379.000000	,-339.500000	,53.500000	,-243.000000	,-157.000000	,-391.500000	,175.000000	,309.000000	,499.500000	,-112.500000	,33.500000	,-25.000000	,-74.500000	,72.000000	,-250.000000	,-129.000000	,-226.000000	,-275.500000	,-378.500000	,-598.500000	,-530.000000	,-420.000000	,-447.000000	,-349.500000	,-263.500000	,35.000000	,296.000000	,685.000000	,535.500000	,457.000000	,372.500000	,131.000000	,94.500000	,-16.000000	,301.000000	,-83.000000	,-119.000000	,-379.000000	,-59.000000	,-99.000000	,49.500000	,3.500000	,132.000000	,270.500000	,384.000000	,321.000000	,22.500000	,212.000000	,-183.000000	,98.000000	,-59.000000	,297.000000	,228.000000	,481.500000	,244.500000	,243.500000	,220.500000	,180.500000	,330.500000	,-21.500000	,118.500000	,193.500000	,320.000000	,17.500000	,-111.500000	,-33.000000	,104.000000	,-55.000000	,111.000000	,-138.500000	,63.000000	,64.000000	,286.500000	,297.000000	,231.000000	,275.500000	,386.500000	,416.500000	,114.000000	,-26.000000	,292.500000	,183.000000	,61.000000	,-142.500000	,-251.000000	,-81.000000	,-8.500000	,60.000000	,181.000000	,157.000000	,30.500000	,287.500000	,502.000000	,950.500000	,480.500000	,412.500000	,-8.000000	,75.500000	,-30.000000	,128.500000	,278.000000	,-38.000000	,-61.500000	,-354.500000	,-286.500000	,-370.500000	,-313.500000	,-138.000000	,-64.500000	,-40.000000	,3.500000	,48.500000	,-98.000000	,-150.500000	,-218.000000	,-169.500000	,-250.500000	,-301.500000	,-36.000000	,176.500000	,541.000000	,297.000000	,105.500000	,94.500000	,22.000000	,166.000000	,-112.500000	,62.000000	,-215.500000	,-233.500000	,-153.000000	,-90.500000	,104.500000	,92.500000	,-100.500000	,-177.000000	,-154.500000	,-247.500000	,92.500000	,164.500000	,295.500000	,20.000000	,45.500000	,-118.000000	,0.500000	,26.500000	,8.000000	,-5.500000	,92.500000	,-21.500000	,-183.500000	,-348.000000	,-271.500000	,-146.500000	,
-89.000000	,-163.000000	,-157.500000	,-120.000000	,-114.500000	,-95.000000	,-101.000000	,-216.000000	,-99.000000	,-60.500000	,-64.000000	,-58.000000	,-107.000000	,-38.000000	,-138.500000	,-126.500000	,-198.000000	,-54.000000	,-207.000000	,-21.000000	,23.500000	,86.500000	,-13.500000	,-70.000000	,-59.500000	,-72.000000	,36.500000	,321.000000	,394.500000	,380.500000	,-36.000000	,-195.000000	,-123.000000	,12.500000	,280.500000	,367.500000	,38.500000	,-156.000000	,-225.000000	,61.500000	,235.500000	,123.000000	,297.500000	,32.000000	,126.500000	,-137.000000	,-45.000000	,-124.500000	,-223.500000	,-0.500000	,271.000000	,240.000000	,15.000000	,-141.000000	,-147.000000	,-301.000000	,-235.000000	,-232.000000	,-151.000000	,-68.500000	,17.000000	,-123.500000	,-259.000000	,-308.000000	,161.000000	,-112.000000	,246.000000	,88.500000	,117.500000	,140.500000	,-29.500000	,111.000000	,47.000000	,-146.500000	,179.500000	,33.000000	,199.500000	,-159.000000	,56.000000	,-94.000000	,280.500000	,-280.500000	,-123.000000	,-338.500000	,-57.000000	,141.000000	,243.000000	,345.000000	,176.500000	,14.000000	,-81.500000	,142.500000	,685.000000	,387.000000	,634.500000	,132.000000	,50.500000	,107.500000	,-197.500000	,-333.500000	,-147.500000	,107.000000	,80.000000	,-157.500000	,-154.000000	,-46.500000	,-144.000000	,-309.000000	,-441.000000	,-591.500000	,33.500000	,-36.500000	,9.000000	,89.000000	,-127.000000	,-76.500000	,-128.000000	,-252.000000	,-203.500000	,-60.000000	,-327.500000	,99.000000	,-181.500000	,110.500000	,-112.500000	,-222.000000	,106.000000	,166.500000	,193.500000	,316.000000	,68.500000	,11.500000	,-62.500000	,-458.000000	,-211.000000	,-112.500000	,334.500000	,140.500000	,-36.500000	,-68.500000	,-110.000000	,-159.500000	,-209.500000	,-172.500000	,-610.500000	,-338.000000	,-286.000000	,452.000000	,508.500000	,398.000000	,190.000000	,151.000000	,-16.500000	,-141.500000	,-193.500000	,-38.500000	,179.000000	,232.000000	,-65.000000	,40.000000	,-39.000000	,116.500000	,21.000000	,222.000000	,81.500000	,277.000000	,391.000000	,448.500000	,393.000000	,0.500000	,4.000000	,-583.000000	,-259.500000	,273.000000	,270.000000	,398.500000	,61.000000	,734.000000	,1145.500000	,1049.500000	,494.500000	,-87.000000	,123.500000	,-17.500000	,140.000000	,-185.500000	,35.000000	,-99.000000	,55.000000	,-236.000000	,28.000000	,-149.000000	,-168.500000	,-271.500000	,-193.500000	,88.000000	,240.000000	,331.500000	,146.000000	,-150.000000	,49.500000	,-165.000000	,75.000000	,-49.000000	,113.000000	,111.000000	,162.000000	,163.500000	,77.500000	,47.500000	,85.000000	,-76.000000	,87.000000	,175.000000	,139.000000	,12.500000	,149.500000	,32.500000	,-13.500000	,-42.000000	,29.000000	,-61.500000	,-145.500000	,-153.500000	,-252.000000	,-210.000000	,-297.000000	,56.500000	,112.000000	,116.500000	,-169.500000	,-132.000000	,-132.000000	,-250.500000	,-256.500000	,-339.000000	,-273.000000	,-216.000000	,-294.000000	,-158.500000	,
-134.500000	,-301.000000	,29.000000	,-26.500000	,96.000000	,98.000000	,-19.000000	,133.500000	,-74.000000	,168.000000	,-26.500000	,140.000000	,66.000000	,128.000000	,192.500000	,-63.500000	,133.000000	,257.500000	,191.000000	,60.500000	,163.000000	,-27.500000	,-142.000000	,-147.500000	,-62.000000	,44.000000	,-33.500000	,-138.500000	,-77.500000	,148.500000	,237.500000	,214.500000	,114.500000	,109.500000	,84.500000	,45.500000	,-8.500000	,-256.500000	,60.000000	,90.000000	,211.500000	,260.500000	,22.000000	,204.500000	,31.500000	,31.500000	,-262.500000	,-353.000000	,-321.500000	,-384.000000	,-20.000000	,-165.500000	,13.500000	,-27.500000	,217.000000	,25.500000	,150.000000	,-114.000000	,-2.000000	,43.000000	,-113.000000	,-125.000000	,-293.500000	,197.000000	,131.000000	,182.000000	,-134.500000	,-333.000000	,-430.500000	,-100.500000	,-70.500000	,147.000000	,5.000000	,248.500000	,-74.000000	,-73.000000	,-244.500000	,-326.000000	,-165.500000	,92.500000	,11.500000	,128.500000	,-84.500000	,-254.000000	,-413.000000	,-259.000000	,253.000000	,620.000000	,488.000000	,339.000000	,93.500000	,130.000000	,280.500000	,300.500000	,410.000000	,303.500000	,84.000000	,-207.000000	,109.500000	,-158.500000	,67.000000	,24.500000	,-38.500000	,155.500000	,254.500000	,455.000000	,347.000000	,143.500000	,121.500000	,119.500000	,-11.000000	,-115.000000	,-189.000000	,-261.000000	,-307.000000	,-319.500000	,-328.500000	,-29.000000	,-133.000000	,-262.500000	,-166.500000	,-285.000000	,-92.000000	,-101.500000	,-37.500000	,-290.500000	,-209.000000	,48.000000	,65.500000	,2.000000	,-4.000000	,155.000000	,461.500000	,420.000000	,187.500000	,179.000000	,46.000000	,-49.000000	,87.500000	,156.500000	,73.500000	,243.500000	,158.500000	,-104.500000	,18.000000	,21.000000	,142.000000	,56.000000	,-116.000000	,-152.500000	,173.000000	,-137.000000	,-110.500000	,26.500000	,114.000000	,75.000000	,-82.500000	,-42.000000	,-177.000000	,177.500000	,-331.000000	,-312.000000	,-194.500000	,-208.500000	,-27.000000	,-334.000000	,-247.000000	,-502.000000	,-369.500000	,-314.000000	,-116.000000	,62.000000	,51.500000	,-96.500000	,-57.500000	,337.500000	,1024.500000	,506.500000	,387.000000	,-113.000000	,-131.000000	,-184.500000	,-97.500000	,-64.000000	,44.000000	,-134.500000	,2.500000	,-72.000000	,165.000000	,12.000000	,284.500000	,73.000000	,242.000000	,64.500000	,149.500000	,146.000000	,32.500000	,0.000000	,34.000000	,136.500000	,133.500000	,14.000000	,74.000000	,161.500000	,249.500000	,174.000000	,-47.000000	,-88.500000	,-163.500000	,-26.500000	,-87.000000	,-139.500000	,55.500000	,-40.000000	,185.000000	,60.000000	,118.500000	,88.500000	,-105.000000	,47.000000	,-43.000000	,84.000000	,-91.000000	,44.000000	,-468.500000	,-345.000000	,-306.000000	,-193.500000	,-232.500000	,-133.500000	,-315.000000	,46.000000	,-104.000000	,8.500000	,-89.500000	,127.500000	,451.500000	,449.500000	,352.000000	,-82.500000	,
102.000000	,227.500000	,-3.000000	,-9.000000	,-144.000000	,-105.000000	,-10.500000	,-28.500000	,-144.000000	,-133.500000	,15.000000	,28.500000	,28.500000	,225.000000	,293.500000	,266.500000	,-2.000000	,-78.000000	,-39.000000	,-88.500000	,-48.000000	,-201.000000	,132.500000	,-95.500000	,69.500000	,-81.500000	,-107.000000	,-95.000000	,-39.000000	,-28.500000	,48.000000	,-130.500000	,47.000000	,-83.500000	,63.000000	,-84.500000	,-72.500000	,149.000000	,-4.000000	,185.000000	,-208.500000	,0.000000	,-108.000000	,77.500000	,55.000000	,205.000000	,-54.500000	,217.500000	,156.000000	,19.000000	,-237.000000	,-45.000000	,-78.500000	,61.500000	,-132.000000	,108.500000	,40.000000	,192.000000	,-242.000000	,-182.500000	,41.500000	,470.000000	,998.000000	,1046.500000	,836.500000	,1052.500000	,647.000000	,248.000000	,6.500000	,-424.000000	,-34.000000	,-296.500000	,54.500000	,-116.000000	,165.500000	,-109.500000	,-76.500000	,-97.000000	,-203.000000	,160.000000	,-341.500000	,266.500000	,18.000000	,303.500000	,8.500000	,54.500000	,-124.500000	,-161.500000	,-106.500000	,148.500000	,80.000000	,328.000000	,-100.500000	,-95.000000	,-426.500000	,23.500000	,-51.500000	,134.500000	,361.000000	,278.000000	,359.500000	,325.000000	,166.000000	,171.500000	,152.500000	,198.000000	,249.500000	,389.500000	,611.500000	,715.000000	,251.500000	,337.000000	,29.500000	,28.000000	,32.500000	,-174.000000	,160.500000	,312.500000	,231.500000	,518.500000	,566.000000	,312.000000	,69.000000	,78.500000	,42.000000	,-3.000000	,18.000000	,44.000000	,-128.500000	,-314.500000	,-135.000000	,-183.000000	,-195.000000	,-70.000000	,-199.500000	,-48.000000	,11.000000	,241.000000	,161.500000	,-35.000000	,-318.500000	,101.500000	,60.000000	,208.000000	,-313.000000	,-58.000000	,-0.500000	,99.000000	,87.000000	,-108.000000	,38.500000	,160.000000	,202.500000	,192.500000	,28.500000	,90.000000	,-102.500000	,119.000000	,178.000000	,73.500000	,-64.500000	,140.500000	,-99.500000	,384.500000	,-20.000000	,223.000000	,-136.500000	,-359.000000	,21.500000	,124.500000	,317.000000	,97.000000	,49.500000	,-72.500000	,579.000000	,1009.000000	,1248.000000	,805.000000	,150.500000	,122.500000	,-99.500000	,70.000000	,-17.000000	,49.500000	,-41.500000	,42.500000	,46.500000	,315.500000	,150.500000	,177.500000	,39.000000	,1.500000	,45.000000	,25.500000	,-34.500000	,37.500000	,33.500000	,35.000000	,35.000000	,-38.500000	,17.000000	,79.000000	,6.500000	,72.500000	,-123.000000	,-79.500000	,-59.000000	,-123.500000	,-144.500000	,-222.000000	,-483.000000	,-219.000000	,-235.500000	,217.000000	,137.500000	,10.000000	,-115.500000	,-204.000000	,34.500000	,37.500000	,54.000000	,-223.500000	,264.000000	,78.000000	,262.500000	,243.000000	,105.000000	,46.500000	,-95.500000	,36.500000	,149.500000	,110.000000	,202.000000	,291.500000	,396.500000	,315.000000	,7.500000	,-55.000000	,-135.000000	,-170.500000	,
150.000000	,281.500000	,129.500000	,-64.500000	,1.500000	,-212.500000	,-98.500000	,-103.000000	,-145.000000	,-273.000000	,-352.500000	,-255.000000	,-219.000000	,-121.500000	,-9.500000	,-60.500000	,-98.000000	,-268.500000	,-239.500000	,-208.000000	,20.000000	,239.000000	,272.000000	,126.500000	,-85.500000	,-211.500000	,-14.500000	,-1.000000	,2.000000	,3.000000	,-138.000000	,57.000000	,93.000000	,99.000000	,-76.500000	,107.000000	,203.000000	,212.000000	,100.500000	,79.500000	,62.000000	,57.500000	,-88.500000	,-65.000000	,-108.500000	,37.500000	,206.500000	,375.000000	,260.500000	,138.500000	,39.500000	,98.000000	,120.500000	,122.000000	,-177.000000	,-149.000000	,-63.000000	,-77.000000	,87.000000	,-134.500000	,-179.500000	,-176.500000	,-185.500000	,-47.500000	,688.500000	,981.000000	,1068.000000	,1057.500000	,631.000000	,544.500000	,171.500000	,-202.500000	,-330.000000	,-460.500000	,-60.500000	,-40.000000	,68.000000	,-203.000000	,-116.500000	,-111.500000	,345.000000	,87.500000	,497.500000	,270.000000	,571.500000	,94.500000	,27.000000	,-438.500000	,-446.000000	,-471.000000	,-4.000000	,197.000000	,430.000000	,53.500000	,122.500000	,179.000000	,272.000000	,-9.000000	,-47.000000	,-151.000000	,-198.000000	,-193.000000	,-79.000000	,77.500000	,50.000000	,-236.000000	,39.500000	,-29.500000	,3.500000	,-127.500000	,-299.000000	,-7.500000	,-243.000000	,365.500000	,39.000000	,297.500000	,275.500000	,36.000000	,157.000000	,-60.000000	,141.000000	,-9.500000	,-6.000000	,68.500000	,198.000000	,301.000000	,66.500000	,194.000000	,-56.000000	,128.000000	,-83.500000	,-305.000000	,-669.000000	,-444.500000	,-526.000000	,-322.500000	,-225.500000	,-162.500000	,-221.500000	,-98.500000	,-189.000000	,41.000000	,-91.000000	,-39.500000	,-55.500000	,-164.500000	,-347.500000	,-135.500000	,-9.000000	,32.500000	,-365.500000	,-279.500000	,-263.500000	,73.000000	,-143.500000	,-257.000000	,-417.000000	,-388.500000	,-330.000000	,-203.000000	,282.000000	,49.500000	,324.500000	,-141.000000	,-12.000000	,-416.500000	,-34.000000	,-133.000000	,166.000000	,410.500000	,172.000000	,457.500000	,-56.500000	,511.000000	,352.000000	,327.500000	,25.000000	,50.500000	,112.500000	,98.000000	,164.500000	,21.500000	,-161.500000	,-52.500000	,-52.500000	,208.500000	,-180.000000	,22.500000	,-10.500000	,-76.000000	,-17.500000	,-34.500000	,60.000000	,75.000000	,4.000000	,-68.500000	,-106.000000	,-187.500000	,-108.000000	,116.000000	,187.500000	,4.500000	,39.500000	,-218.000000	,85.000000	,-232.500000	,24.000000	,-84.000000	,158.500000	,-146.000000	,52.500000	,-184.000000	,-130.000000	,-262.500000	,-43.500000	,109.500000	,46.000000	,107.500000	,-219.500000	,-169.000000	,-139.000000	,116.000000	,181.000000	,362.000000	,308.500000	,339.000000	,119.000000	,-32.500000	,189.500000	,9.500000	,-14.500000	,-212.500000	,-206.500000	,-171.000000	,-102.500000	,-6.500000	,-83.000000	,13.000000	,-97.500000	,45.500000	,
-16.500000	,34.000000	,-59.000000	,125.000000	,50.000000	,149.000000	,147.500000	,207.000000	,420.000000	,44.500000	,267.500000	,125.000000	,245.000000	,-1.500000	,-18.000000	,53.500000	,199.000000	,190.500000	,219.500000	,8.000000	,30.000000	,12.000000	,-51.000000	,4.500000	,22.500000	,20.000000	,-286.000000	,-92.500000	,-178.500000	,-15.500000	,41.500000	,-126.500000	,-53.000000	,-0.500000	,-47.000000	,-63.000000	,-15.000000	,-48.000000	,24.500000	,119.000000	,33.500000	,-6.000000	,224.000000	,116.000000	,107.000000	,-150.000000	,105.500000	,86.000000	,206.500000	,159.000000	,319.500000	,296.000000	,146.500000	,-189.500000	,5.000000	,-21.000000	,184.500000	,265.500000	,145.000000	,325.000000	,102.500000	,105.000000	,6.000000	,47.000000	,36.500000	,72.500000	,303.000000	,985.000000	,1091.000000	,1421.000000	,492.000000	,567.500000	,-70.000000	,178.500000	,239.000000	,79.500000	,218.000000	,-179.500000	,-81.000000	,-246.500000	,-64.500000	,-172.500000	,-158.000000	,-401.000000	,-63.500000	,-208.500000	,-120.000000	,-220.000000	,68.000000	,-84.000000	,32.000000	,131.500000	,277.000000	,358.000000	,137.000000	,-42.500000	,47.000000	,149.500000	,79.500000	,-167.500000	,-340.000000	,-345.000000	,-58.500000	,-129.500000	,-129.000000	,-80.500000	,-24.500000	,-308.000000	,-31.500000	,-269.500000	,340.500000	,-11.500000	,61.000000	,-172.500000	,-350.000000	,-384.000000	,-450.500000	,-256.000000	,-331.500000	,-621.000000	,-486.000000	,-400.000000	,-138.500000	,0.500000	,197.000000	,238.500000	,379.500000	,-19.500000	,95.500000	,207.500000	,253.500000	,203.500000	,-27.000000	,-49.000000	,280.000000	,293.500000	,348.000000	,88.000000	,-37.500000	,-28.000000	,108.500000	,-42.000000	,-134.500000	,-108.500000	,15.500000	,-74.000000	,-548.500000	,-294.500000	,-353.500000	,30.000000	,158.000000	,270.000000	,168.000000	,8.500000	,-83.000000	,-209.500000	,34.500000	,-295.500000	,-80.000000	,-129.500000	,297.500000	,-131.500000	,-84.500000	,-311.000000	,-261.500000	,-125.500000	,273.000000	,468.500000	,293.500000	,27.500000	,239.500000	,283.000000	,271.500000	,-208.000000	,-199.000000	,-228.000000	,-46.500000	,-43.500000	,-94.500000	,-198.000000	,-142.000000	,-310.000000	,-205.000000	,-241.500000	,2.000000	,161.000000	,227.500000	,-32.500000	,-79.000000	,74.500000	,255.500000	,323.500000	,165.000000	,65.000000	,-28.500000	,-297.000000	,-240.000000	,-228.000000	,-192.000000	,-283.500000	,-282.000000	,-292.000000	,20.000000	,-66.000000	,104.500000	,33.000000	,-86.500000	,-127.500000	,-8.000000	,112.000000	,479.500000	,484.000000	,443.500000	,61.500000	,-142.500000	,-144.500000	,-21.500000	,-111.500000	,-274.500000	,-87.000000	,-81.000000	,117.000000	,-165.000000	,-110.000000	,64.500000	,210.000000	,302.500000	,226.500000	,202.500000	,-78.000000	,-206.500000	,-188.000000	,-272.500000	,-118.000000	,-303.000000	,-207.000000	,127.500000	,3.000000	,330.000000	,83.000000	,
-166.000000	,-115.500000	,-44.000000	,-32.000000	,32.000000	,70.000000	,113.500000	,168.500000	,117.500000	,305.500000	,216.500000	,164.000000	,-24.000000	,-61.500000	,21.000000	,21.000000	,72.500000	,203.000000	,203.000000	,42.000000	,-148.500000	,-136.500000	,-25.000000	,78.000000	,16.500000	,58.000000	,69.000000	,234.500000	,122.000000	,95.500000	,-73.000000	,-24.500000	,-237.500000	,5.500000	,-125.500000	,-106.500000	,-97.000000	,-67.000000	,81.500000	,76.500000	,142.500000	,-6.000000	,-16.500000	,-76.000000	,3.000000	,-12.000000	,19.000000	,103.500000	,70.500000	,87.500000	,-37.000000	,-16.000000	,-189.000000	,-217.500000	,19.000000	,-46.000000	,-32.500000	,-233.000000	,-37.500000	,37.500000	,106.500000	,220.500000	,310.500000	,252.000000	,21.000000	,-6.000000	,-3.500000	,74.500000	,423.000000	,823.500000	,1005.000000	,975.000000	,437.500000	,25.500000	,5.500000	,-90.000000	,97.500000	,229.500000	,-19.500000	,-269.000000	,-464.000000	,-407.000000	,-466.000000	,-257.500000	,-223.000000	,-79.000000	,-146.500000	,-63.500000	,-41.000000	,-8.000000	,-403.000000	,-421.500000	,-678.000000	,-557.000000	,-393.000000	,-442.500000	,-185.000000	,-228.500000	,-16.500000	,-133.500000	,-40.000000	,74.000000	,198.500000	,-119.500000	,-132.500000	,-104.500000	,-175.500000	,-18.000000	,-137.500000	,-212.000000	,-440.500000	,-683.500000	,-446.500000	,-147.000000	,-184.000000	,-166.500000	,-62.000000	,59.500000	,328.500000	,-135.000000	,34.000000	,-288.500000	,-400.500000	,-429.000000	,-238.500000	,155.000000	,167.500000	,79.500000	,-171.000000	,-153.500000	,99.000000	,143.000000	,224.000000	,316.000000	,335.500000	,268.000000	,234.000000	,15.000000	,31.500000	,54.500000	,32.000000	,-278.500000	,-72.500000	,193.000000	,10.000000	,-419.500000	,-445.000000	,-406.000000	,11.000000	,102.500000	,119.500000	,146.000000	,62.000000	,71.000000	,94.500000	,205.000000	,234.500000	,10.500000	,-36.500000	,-134.500000	,-122.000000	,229.500000	,-55.500000	,272.000000	,122.000000	,473.000000	,274.500000	,200.000000	,-78.500000	,-27.500000	,-202.500000	,-154.500000	,-145.500000	,-53.500000	,0.500000	,-119.500000	,-193.500000	,-253.500000	,-132.500000	,-160.500000	,-120.000000	,-18.500000	,229.000000	,332.500000	,117.500000	,-137.000000	,-104.500000	,-8.500000	,-20.000000	,69.000000	,14.500000	,170.000000	,91.000000	,114.500000	,-17.000000	,23.000000	,168.000000	,125.000000	,67.500000	,-180.000000	,-141.500000	,-153.500000	,124.000000	,61.000000	,52.500000	,39.500000	,-72.000000	,162.000000	,28.000000	,197.500000	,7.000000	,211.500000	,227.000000	,257.500000	,-34.000000	,75.000000	,-54.500000	,-212.000000	,110.000000	,-49.500000	,293.000000	,88.500000	,-151.000000	,-106.500000	,-229.500000	,-52.500000	,-109.500000	,-152.000000	,-147.500000	,77.500000	,283.000000	,305.500000	,359.000000	,59.500000	,212.500000	,-63.000000	,90.000000	,167.500000	,89.500000	,10.500000	,
-137.500000	,-211.500000	,-116.000000	,-78.000000	,-142.500000	,-50.500000	,-144.000000	,-127.500000	,-103.500000	,-42.000000	,-219.000000	,-312.000000	,-189.000000	,-189.000000	,0.000000	,-61.500000	,0.000000	,-144.000000	,-72.000000	,-267.000000	,45.500000	,-43.000000	,80.000000	,-21.000000	,99.500000	,87.000000	,340.500000	,139.000000	,163.500000	,-147.000000	,-65.500000	,-61.000000	,121.500000	,-131.000000	,-89.000000	,-237.000000	,-223.500000	,-253.500000	,-133.500000	,-50.000000	,-77.000000	,-176.000000	,-340.500000	,-231.500000	,-46.000000	,6.500000	,-155.000000	,-163.500000	,-192.500000	,-42.500000	,5.000000	,-96.500000	,-188.000000	,80.000000	,103.000000	,206.500000	,77.000000	,-181.500000	,123.500000	,14.000000	,44.000000	,0.000000	,-217.500000	,-218.500000	,-103.500000	,24.000000	,110.000000	,45.500000	,160.500000	,165.500000	,478.500000	,996.500000	,1152.500000	,1435.500000	,437.000000	,93.000000	,-347.000000	,218.000000	,-53.500000	,422.500000	,101.000000	,239.000000	,71.500000	,240.500000	,4.500000	,181.000000	,69.000000	,142.000000	,132.000000	,159.500000	,10.000000	,301.500000	,147.500000	,36.500000	,-194.000000	,-270.000000	,25.000000	,93.500000	,-78.000000	,-79.500000	,-352.500000	,-258.000000	,-180.000000	,29.000000	,0.000000	,228.500000	,228.500000	,404.000000	,223.000000	,248.000000	,212.000000	,322.500000	,324.000000	,128.000000	,321.000000	,111.000000	,321.500000	,164.000000	,339.500000	,76.000000	,190.500000	,218.500000	,176.500000	,160.500000	,-130.500000	,-298.500000	,80.000000	,165.500000	,-72.500000	,-165.500000	,-195.000000	,-58.500000	,280.500000	,-31.500000	,-414.500000	,-269.000000	,-8.000000	,96.500000	,93.500000	,167.000000	,149.500000	,134.000000	,94.000000	,301.000000	,-12.500000	,140.500000	,299.500000	,-69.000000	,-73.000000	,103.500000	,3.000000	,-41.000000	,-715.500000	,-379.500000	,-346.500000	,-290.500000	,91.500000	,152.500000	,157.000000	,85.000000	,-202.000000	,-38.500000	,81.000000	,250.000000	,293.000000	,159.500000	,279.000000	,425.500000	,445.500000	,326.000000	,168.000000	,121.500000	,157.500000	,189.000000	,302.000000	,0.500000	,-178.500000	,-267.500000	,-293.500000	,43.000000	,23.500000	,377.500000	,143.000000	,206.000000	,-55.000000	,-76.000000	,-136.000000	,29.000000	,201.000000	,158.000000	,113.500000	,0.000000	,-162.000000	,-79.500000	,-161.000000	,113.500000	,184.000000	,136.500000	,107.500000	,283.000000	,349.000000	,72.000000	,-51.000000	,-7.000000	,-20.500000	,48.500000	,39.500000	,176.000000	,98.000000	,-81.000000	,28.500000	,-51.000000	,30.000000	,0.000000	,177.500000	,125.000000	,-50.500000	,43.000000	,129.500000	,215.000000	,-59.000000	,-52.500000	,30.500000	,87.500000	,-26.500000	,-49.000000	,-124.000000	,-14.500000	,-228.000000	,82.000000	,139.500000	,139.500000	,20.000000	,153.000000	,94.500000	,60.000000	,-195.000000	,-134.000000	,-65.000000	,-39.000000	,
106.000000	,24.500000	,-120.500000	,-30.500000	,-89.000000	,-18.500000	,-222.500000	,-170.000000	,-313.500000	,-103.000000	,-100.500000	,224.500000	,93.500000	,307.500000	,-40.000000	,-77.500000	,-172.500000	,10.500000	,66.000000	,187.000000	,133.000000	,182.500000	,-10.500000	,-36.500000	,-60.500000	,-57.500000	,-28.500000	,31.000000	,107.000000	,50.500000	,101.500000	,217.500000	,238.000000	,104.500000	,146.500000	,90.000000	,168.000000	,200.500000	,69.500000	,64.000000	,-250.500000	,-373.500000	,-386.500000	,-0.500000	,95.500000	,108.500000	,-321.000000	,-210.000000	,-505.500000	,-108.500000	,-122.000000	,-50.000000	,228.500000	,5.000000	,210.500000	,-260.500000	,-38.500000	,17.500000	,123.000000	,154.500000	,-6.000000	,-8.500000	,-155.500000	,-288.000000	,-303.000000	,-228.500000	,-88.500000	,-49.500000	,-185.500000	,-109.500000	,-145.000000	,38.000000	,312.500000	,754.000000	,770.500000	,1026.500000	,832.000000	,444.500000	,260.500000	,-142.000000	,-240.000000	,-223.500000	,-133.000000	,135.500000	,76.500000	,86.500000	,-182.500000	,79.000000	,-43.500000	,390.500000	,303.500000	,453.000000	,248.000000	,341.500000	,392.000000	,125.500000	,-253.000000	,-484.500000	,-117.500000	,341.000000	,375.000000	,119.500000	,-568.500000	,-140.500000	,-177.000000	,341.500000	,457.000000	,350.500000	,-121.500000	,-55.000000	,-18.000000	,316.000000	,-70.000000	,-51.000000	,28.500000	,268.500000	,235.000000	,15.500000	,-179.500000	,167.000000	,359.000000	,316.500000	,63.000000	,92.500000	,-514.500000	,-599.000000	,-478.500000	,-130.000000	,-2.000000	,107.000000	,-211.000000	,-18.500000	,247.000000	,453.500000	,750.500000	,603.000000	,468.000000	,214.000000	,-42.000000	,156.500000	,123.500000	,188.000000	,7.500000	,96.000000	,-182.000000	,-196.500000	,-367.000000	,-383.000000	,-310.000000	,-378.500000	,-4.000000	,-64.000000	,206.000000	,114.500000	,363.500000	,-33.500000	,242.000000	,10.500000	,-10.500000	,97.500000	,-113.000000	,113.500000	,-38.500000	,245.500000	,267.500000	,265.500000	,-41.500000	,-6.500000	,-97.500000	,-102.000000	,-9.000000	,141.000000	,130.500000	,61.000000	,44.500000	,82.500000	,108.000000	,217.500000	,67.500000	,110.500000	,-62.500000	,-6.000000	,-60.500000	,-54.000000	,-109.500000	,129.500000	,8.000000	,45.000000	,-17.500000	,-17.500000	,2.500000	,0.000000	,66.500000	,159.000000	,27.000000	,134.500000	,32.000000	,108.500000	,-152.500000	,-53.500000	,-53.500000	,63.000000	,113.500000	,-146.000000	,-262.500000	,-207.000000	,37.500000	,82.500000	,107.500000	,28.000000	,-38.000000	,-40.500000	,-183.000000	,-117.000000	,-117.000000	,27.500000	,14.500000	,305.000000	,76.500000	,83.500000	,-24.500000	,11.500000	,206.000000	,85.000000	,190.000000	,-177.000000	,71.500000	,110.500000	,192.000000	,91.500000	,-7.500000	,-102.500000	,-45.500000	,-176.000000	,-216.500000	,-462.000000	,-366.000000	,-328.500000	,-269.500000	,-179.000000	,
34.500000	,-41.000000	,96.000000	,85.500000	,226.500000	,99.000000	,55.500000	,-3.000000	,-30.000000	,-191.500000	,169.000000	,167.500000	,125.000000	,-66.000000	,-139.500000	,-45.000000	,-154.500000	,63.000000	,46.500000	,-51.000000	,-235.500000	,-234.000000	,-138.000000	,-229.500000	,-9.500000	,-19.500000	,82.500000	,-10.500000	,25.000000	,20.000000	,-77.000000	,41.500000	,-142.000000	,181.000000	,104.500000	,-43.000000	,38.500000	,-9.500000	,47.500000	,-82.500000	,-65.000000	,146.500000	,297.000000	,198.000000	,196.000000	,-80.500000	,63.000000	,-43.000000	,222.500000	,60.000000	,97.000000	,-30.000000	,99.000000	,49.000000	,92.000000	,87.000000	,38.500000	,74.500000	,-64.500000	,-33.000000	,-160.500000	,-147.000000	,-34.000000	,190.500000	,333.000000	,22.000000	,-86.500000	,-43.000000	,-112.500000	,-101.000000	,164.500000	,7.500000	,104.500000	,-57.500000	,467.500000	,960.500000	,1655.500000	,1485.500000	,1567.500000	,656.500000	,355.000000	,-358.000000	,-162.500000	,-55.000000	,52.500000	,253.000000	,101.000000	,121.000000	,155.000000	,149.000000	,499.000000	,62.000000	,261.500000	,281.500000	,123.000000	,-177.000000	,-413.000000	,-220.000000	,-205.000000	,260.000000	,244.000000	,278.000000	,86.000000	,42.500000	,-192.500000	,-179.000000	,-324.500000	,-103.000000	,101.500000	,282.000000	,291.500000	,-23.500000	,-38.500000	,-246.000000	,-103.500000	,146.500000	,-9.500000	,-101.500000	,-154.500000	,-145.000000	,101.000000	,-52.500000	,-349.500000	,33.000000	,211.500000	,506.000000	,420.000000	,140.500000	,123.500000	,14.000000	,-9.500000	,45.500000	,-244.500000	,165.000000	,168.000000	,145.000000	,-302.000000	,69.500000	,55.500000	,-77.000000	,98.500000	,-163.500000	,418.500000	,4.000000	,559.000000	,220.500000	,-203.500000	,-16.000000	,-337.000000	,-38.500000	,-291.000000	,-58.500000	,70.000000	,154.000000	,163.000000	,170.500000	,27.000000	,76.500000	,211.000000	,286.000000	,205.500000	,170.000000	,70.000000	,91.500000	,174.500000	,70.500000	,45.500000	,-220.500000	,-143.000000	,-176.000000	,-162.500000	,-148.500000	,-51.000000	,75.500000	,76.000000	,202.500000	,256.000000	,303.500000	,376.000000	,254.500000	,-147.500000	,-147.000000	,-420.000000	,-254.000000	,-251.500000	,-119.500000	,-6.500000	,-120.000000	,-75.000000	,-97.500000	,-7.500000	,0.000000	,37.000000	,73.000000	,43.000000	,-48.000000	,-60.000000	,-79.500000	,-73.000000	,149.500000	,-87.500000	,20.000000	,4.000000	,-104.000000	,108.500000	,-97.000000	,87.500000	,-12.500000	,0.000000	,-109.500000	,-145.500000	,-285.000000	,-409.500000	,-147.000000	,-289.500000	,-96.000000	,171.500000	,239.000000	,68.000000	,-111.500000	,-58.000000	,87.500000	,40.000000	,134.500000	,134.500000	,128.500000	,152.000000	,-2.500000	,-34.000000	,-195.000000	,-136.500000	,-29.000000	,-114.500000	,11.000000	,68.500000	,128.500000	,151.000000	,76.000000	,37.000000	,-224.500000	,
-278.500000	,22.000000	,-114.500000	,182.500000	,-216.000000	,-30.000000	,131.500000	,266.000000	,350.000000	,6.500000	,92.500000	,-26.000000	,22.500000	,-104.500000	,-4.000000	,126.000000	,94.000000	,43.000000	,51.000000	,-108.000000	,41.500000	,-387.500000	,-242.000000	,-161.000000	,-65.000000	,-83.000000	,-114.000000	,3.500000	,117.500000	,105.500000	,113.500000	,125.500000	,47.500000	,-43.500000	,-280.500000	,95.000000	,11.000000	,117.500000	,-167.000000	,-133.500000	,115.000000	,370.500000	,293.500000	,121.500000	,-202.500000	,-188.000000	,-101.000000	,33.500000	,125.000000	,54.500000	,-0.500000	,57.500000	,180.500000	,307.000000	,69.500000	,261.000000	,197.000000	,224.000000	,95.500000	,43.000000	,182.500000	,56.500000	,80.500000	,36.500000	,275.000000	,70.000000	,45.500000	,36.500000	,135.000000	,-33.500000	,62.500000	,-45.000000	,130.000000	,158.500000	,110.500000	,13.500000	,-219.000000	,234.000000	,618.500000	,1091.000000	,1100.000000	,1182.000000	,774.500000	,503.000000	,403.500000	,224.500000	,379.500000	,-57.000000	,-3.500000	,32.000000	,460.000000	,105.500000	,123.000000	,-243.500000	,-146.500000	,253.500000	,508.000000	,479.500000	,261.000000	,-303.500000	,47.500000	,56.000000	,278.000000	,219.500000	,42.500000	,-61.000000	,-21.000000	,-142.500000	,212.500000	,338.500000	,472.000000	,284.500000	,323.500000	,254.500000	,174.500000	,-12.500000	,-173.500000	,16.000000	,-8.000000	,-307.500000	,-83.500000	,-263.500000	,195.000000	,-231.500000	,44.500000	,44.500000	,204.500000	,-168.000000	,-147.500000	,-253.000000	,-77.500000	,-363.500000	,-398.500000	,-635.000000	,-707.500000	,-692.500000	,-600.500000	,-230.000000	,-342.500000	,-233.000000	,-141.000000	,-40.000000	,158.000000	,88.000000	,211.000000	,319.500000	,434.500000	,61.500000	,-103.000000	,-227.500000	,-94.000000	,167.000000	,161.000000	,19.000000	,-25.500000	,199.000000	,-34.500000	,172.500000	,67.000000	,199.500000	,217.500000	,157.000000	,4.500000	,-89.000000	,-69.500000	,-104.500000	,-119.500000	,-196.000000	,-14.000000	,-39.500000	,140.500000	,-64.500000	,41.000000	,54.500000	,-58.000000	,-235.500000	,-234.000000	,-256.500000	,-92.500000	,-31.500000	,184.000000	,87.500000	,-12.000000	,-296.500000	,-86.000000	,-152.500000	,-140.500000	,8.000000	,8.000000	,8.000000	,-40.500000	,-73.500000	,-8.000000	,-19.500000	,-54.000000	,-82.000000	,-144.000000	,-136.500000	,48.500000	,41.000000	,-68.500000	,-68.000000	,-164.000000	,335.500000	,208.500000	,217.500000	,-136.500000	,-189.000000	,-141.000000	,125.500000	,186.000000	,196.500000	,174.500000	,63.000000	,-67.500000	,-136.500000	,-249.000000	,-139.500000	,-76.500000	,-16.500000	,-67.500000	,-124.500000	,-94.500000	,-135.000000	,-37.500000	,-28.500000	,30.000000	,-64.500000	,-60.000000	,-64.000000	,177.500000	,227.000000	,159.000000	,217.000000	,229.500000	,160.000000	,3.000000	,180.000000	,86.000000	,7.000000	,
-264.000000	,3.000000	,42.500000	,163.000000	,278.500000	,11.000000	,-1.000000	,18.500000	,26.000000	,162.000000	,44.500000	,167.500000	,18.000000	,81.000000	,-247.500000	,-18.000000	,-159.500000	,-90.500000	,-71.000000	,135.500000	,152.000000	,225.500000	,74.500000	,-36.500000	,68.500000	,-273.000000	,-118.500000	,-241.500000	,-127.500000	,3.500000	,-22.500000	,37.500000	,-16.500000	,77.500000	,-14.000000	,98.000000	,-117.000000	,-108.000000	,38.000000	,-98.500000	,42.000000	,-136.000000	,-23.000000	,-48.000000	,-122.500000	,-28.500000	,213.000000	,90.000000	,-37.500000	,-432.000000	,-156.000000	,-207.500000	,10.000000	,-2.000000	,105.000000	,145.000000	,145.000000	,8.500000	,-19.500000	,-40.500000	,78.500000	,-8.000000	,118.000000	,-13.500000	,73.000000	,-2.000000	,82.500000	,43.500000	,-22.500000	,-58.500000	,-97.500000	,65.000000	,29.000000	,84.500000	,131.500000	,182.000000	,18.500000	,-81.500000	,-194.500000	,355.000000	,959.500000	,1507.000000	,1256.000000	,1049.500000	,599.000000	,130.500000	,367.000000	,18.500000	,-17.000000	,-187.500000	,234.500000	,324.000000	,400.000000	,-34.000000	,88.500000	,147.000000	,426.500000	,155.000000	,-107.500000	,-395.500000	,-273.000000	,-646.500000	,52.500000	,115.500000	,510.000000	,274.500000	,354.500000	,112.000000	,-122.000000	,-363.000000	,-489.500000	,-295.000000	,-108.000000	,-239.500000	,-151.000000	,-580.500000	,-336.500000	,-208.500000	,-30.000000	,183.000000	,0.000000	,-117.000000	,31.500000	,-34.500000	,-62.000000	,-96.000000	,-261.000000	,-186.500000	,-199.500000	,-22.500000	,-74.000000	,25.500000	,97.500000	,-206.000000	,-293.000000	,-720.500000	,-246.000000	,-530.000000	,-53.000000	,-51.000000	,-174.000000	,172.500000	,-178.000000	,189.500000	,-357.500000	,-173.500000	,-94.000000	,384.000000	,474.000000	,369.000000	,233.000000	,-92.000000	,-113.000000	,-5.000000	,-44.000000	,169.500000	,323.000000	,311.000000	,249.500000	,-21.500000	,18.500000	,-50.500000	,-17.500000	,-208.500000	,-18.500000	,106.500000	,80.500000	,31.000000	,-157.000000	,191.500000	,142.500000	,184.500000	,17.000000	,-36.500000	,-177.500000	,-127.500000	,-81.500000	,-248.000000	,-136.500000	,-286.500000	,17.500000	,61.000000	,136.000000	,315.000000	,473.000000	,354.500000	,89.500000	,-43.500000	,51.500000	,66.000000	,-20.500000	,-73.500000	,-52.500000	,-71.500000	,130.500000	,260.500000	,239.000000	,23.000000	,-33.500000	,-108.500000	,20.500000	,243.000000	,124.000000	,31.500000	,-16.000000	,105.000000	,-67.500000	,-109.000000	,-312.000000	,-222.000000	,-142.000000	,100.500000	,229.000000	,164.000000	,173.500000	,18.500000	,-4.000000	,-29.500000	,106.000000	,115.000000	,-20.000000	,-199.500000	,-121.500000	,-73.500000	,-16.500000	,97.500000	,-7.500000	,151.000000	,161.000000	,173.000000	,29.500000	,7.000000	,1.500000	,1.500000	,-170.500000	,-190.500000	,-258.000000	,-237.000000	,-234.000000	,-65.500000	,
253.500000	,256.000000	,277.000000	,-14.500000	,-34.000000	,-50.500000	,-141.000000	,-204.000000	,-216.000000	,-73.500000	,-49.500000	,-30.000000	,105.000000	,88.500000	,314.000000	,227.000000	,143.000000	,-137.000000	,-50.000000	,-237.500000	,-112.000000	,68.500000	,230.500000	,467.500000	,297.500000	,442.500000	,71.500000	,173.500000	,-111.000000	,-55.500000	,-66.500000	,-132.500000	,-63.500000	,-100.500000	,168.500000	,155.000000	,184.000000	,183.500000	,108.500000	,192.000000	,-66.000000	,97.500000	,-33.000000	,44.000000	,130.000000	,70.500000	,73.000000	,37.000000	,14.000000	,47.000000	,130.500000	,68.000000	,-10.000000	,-100.000000	,-120.000000	,-183.000000	,-93.000000	,-92.500000	,20.000000	,-52.000000	,-108.000000	,-43.500000	,-30.000000	,-100.500000	,-177.000000	,9.500000	,-19.000000	,-50.500000	,-104.500000	,51.000000	,3.500000	,37.500000	,41.500000	,9.500000	,-68.500000	,-235.500000	,-62.000000	,85.000000	,-11.500000	,-86.000000	,-225.500000	,-172.500000	,287.000000	,756.500000	,1064.500000	,786.500000	,1104.500000	,691.500000	,505.000000	,397.500000	,189.500000	,438.500000	,-152.000000	,102.500000	,-31.000000	,114.500000	,129.000000	,114.000000	,175.500000	,90.000000	,192.500000	,35.000000	,-80.000000	,-78.500000	,-275.000000	,-256.000000	,-119.500000	,-99.500000	,-143.000000	,30.000000	,-290.000000	,-170.000000	,-1.500000	,24.000000	,19.500000	,-160.500000	,50.500000	,-82.500000	,-65.000000	,-112.500000	,-54.500000	,36.500000	,-14.500000	,97.500000	,128.000000	,81.000000	,-65.500000	,-163.000000	,-134.000000	,351.000000	,350.500000	,582.000000	,466.500000	,502.500000	,558.000000	,429.000000	,486.500000	,180.000000	,435.000000	,216.000000	,501.000000	,286.500000	,127.500000	,-199.000000	,56.500000	,-165.000000	,69.000000	,-198.500000	,-270.500000	,-103.500000	,81.500000	,-69.000000	,56.500000	,137.000000	,287.000000	,231.000000	,102.000000	,-33.000000	,-40.000000	,-142.000000	,-48.000000	,-205.000000	,81.500000	,7.000000	,-23.500000	,-14.000000	,-117.500000	,-9.000000	,-41.500000	,-73.500000	,11.500000	,-175.500000	,-138.000000	,-196.500000	,123.000000	,248.500000	,256.500000	,224.000000	,158.500000	,-113.500000	,-129.000000	,-57.000000	,200.500000	,218.500000	,5.500000	,-74.000000	,-219.500000	,-150.500000	,-65.000000	,70.000000	,55.000000	,122.500000	,142.000000	,167.500000	,-38.000000	,-84.500000	,-37.500000	,130.500000	,200.500000	,235.000000	,140.000000	,151.000000	,-77.500000	,-84.000000	,-275.000000	,-245.000000	,-49.500000	,17.500000	,62.500000	,-47.500000	,-127.500000	,-88.500000	,-135.000000	,24.000000	,12.000000	,24.500000	,122.500000	,11.500000	,-121.000000	,-23.500000	,-316.000000	,-8.500000	,-246.000000	,-27.000000	,-92.000000	,-63.500000	,-63.500000	,-166.500000	,37.500000	,-42.000000	,37.500000	,-10.500000	,-129.000000	,-117.000000	,89.500000	,483.500000	,571.000000	,249.000000	,13.000000	,-30.500000	,
-58.000000	,-21.000000	,-44.000000	,-78.500000	,3.000000	,-33.500000	,8.000000	,75.000000	,79.000000	,-55.500000	,-103.500000	,-134.500000	,-20.500000	,27.500000	,-33.000000	,-70.500000	,-199.500000	,55.500000	,-16.500000	,20.000000	,-28.000000	,3.500000	,-67.500000	,-105.000000	,-88.000000	,-28.000000	,97.000000	,125.500000	,124.000000	,-16.000000	,-135.000000	,-153.000000	,-271.500000	,-294.000000	,-66.000000	,-21.000000	,-27.000000	,-147.000000	,-282.000000	,-285.000000	,-80.000000	,-39.500000	,180.000000	,197.500000	,107.500000	,69.500000	,-243.000000	,26.000000	,93.500000	,379.000000	,264.500000	,182.000000	,-55.500000	,-105.000000	,-45.000000	,-232.500000	,-55.500000	,-116.000000	,11.500000	,4.000000	,-49.500000	,-132.000000	,-229.500000	,-214.500000	,-216.000000	,-220.500000	,-210.000000	,-8.500000	,164.500000	,173.500000	,188.500000	,-59.500000	,24.500000	,-14.500000	,-72.500000	,149.000000	,209.000000	,264.000000	,260.000000	,325.000000	,340.000000	,159.500000	,-24.500000	,-0.500000	,22.500000	,452.500000	,803.000000	,1317.500000	,1051.500000	,1091.000000	,435.500000	,375.500000	,95.500000	,56.500000	,-63.500000	,-161.000000	,-344.000000	,-227.500000	,-418.500000	,44.000000	,-25.500000	,227.000000	,191.000000	,439.500000	,-6.500000	,-94.500000	,-267.500000	,-314.000000	,-4.000000	,-49.000000	,108.500000	,28.000000	,223.500000	,611.500000	,511.000000	,533.500000	,117.000000	,64.500000	,-57.000000	,151.500000	,480.500000	,403.000000	,185.500000	,363.000000	,187.000000	,132.500000	,-8.500000	,132.000000	,66.000000	,109.500000	,-335.500000	,137.000000	,-32.000000	,621.500000	,145.000000	,421.500000	,-108.500000	,-40.000000	,-101.000000	,3.000000	,217.000000	,11.500000	,-259.000000	,-413.000000	,-251.500000	,256.000000	,393.000000	,453.000000	,112.500000	,-232.000000	,207.000000	,148.500000	,528.500000	,390.000000	,220.500000	,-10.000000	,57.500000	,-15.500000	,-168.500000	,-126.500000	,-178.000000	,202.000000	,170.000000	,71.000000	,-69.000000	,-202.500000	,-173.500000	,186.000000	,184.500000	,104.500000	,-90.500000	,-251.000000	,-102.500000	,-138.500000	,59.000000	,86.000000	,75.000000	,222.500000	,215.000000	,189.000000	,-169.500000	,-151.500000	,-259.500000	,-61.500000	,102.500000	,150.000000	,151.500000	,91.000000	,-171.000000	,-154.500000	,-154.500000	,-31.500000	,2.000000	,-37.000000	,-274.000000	,-244.500000	,-370.500000	,-136.500000	,-33.000000	,-27.000000	,-11.000000	,-116.000000	,157.000000	,118.000000	,122.500000	,47.500000	,162.500000	,287.500000	,335.000000	,269.000000	,376.500000	,236.000000	,177.000000	,-13.500000	,20.500000	,87.500000	,48.500000	,68.500000	,111.500000	,156.500000	,76.000000	,-89.500000	,-63.000000	,-54.500000	,-30.500000	,-148.500000	,-201.000000	,-170.000000	,-80.000000	,59.000000	,-41.000000	,-36.500000	,-47.000000	,-53.000000	,-38.000000	,-225.000000	,-11.000000	,-174.500000	,18.500000	,-163.500000	,
-91.000000	,-44.500000	,-146.500000	,-51.500000	,-67.000000	,-80.500000	,95.500000	,68.000000	,-2.500000	,-299.000000	,-297.000000	,-193.500000	,-64.500000	,-16.500000	,105.000000	,-75.000000	,135.500000	,-92.500000	,-2.000000	,146.500000	,158.500000	,246.500000	,-13.500000	,-72.000000	,-127.500000	,-48.000000	,-118.500000	,-3.000000	,-88.500000	,57.500000	,165.000000	,380.000000	,118.500000	,255.000000	,-41.000000	,104.000000	,139.000000	,-57.500000	,204.000000	,-90.000000	,202.500000	,-64.500000	,-15.000000	,0.000000	,36.500000	,104.500000	,331.500000	,306.500000	,162.000000	,-71.000000	,-127.500000	,-31.500000	,-55.000000	,44.000000	,78.500000	,182.000000	,122.000000	,120.500000	,-21.000000	,72.500000	,31.500000	,-76.500000	,210.000000	,17.000000	,257.500000	,-151.000000	,147.000000	,37.000000	,115.000000	,23.500000	,37.000000	,-9.500000	,-58.500000	,-153.000000	,-5.000000	,-57.500000	,-32.000000	,-97.500000	,-23.500000	,-109.000000	,36.500000	,-91.000000	,161.000000	,-125.500000	,-19.500000	,-339.500000	,-201.500000	,-74.000000	,334.500000	,507.500000	,407.000000	,62.000000	,-18.500000	,-76.000000	,-149.500000	,-216.500000	,2.000000	,-121.000000	,299.000000	,13.000000	,81.500000	,-110.500000	,-418.500000	,-297.500000	,-139.500000	,27.500000	,-89.000000	,91.500000	,-134.500000	,-91.500000	,-482.000000	,141.000000	,-90.500000	,-16.000000	,-108.000000	,341.500000	,424.500000	,493.000000	,19.000000	,-188.000000	,-309.500000	,-370.500000	,-162.500000	,172.000000	,4.000000	,174.500000	,-138.500000	,-131.500000	,-120.500000	,-127.500000	,161.000000	,-189.500000	,-192.500000	,-613.500000	,-196.500000	,-70.000000	,43.000000	,-151.000000	,83.500000	,185.500000	,-215.000000	,-409.000000	,-208.500000	,185.000000	,642.500000	,436.500000	,1070.000000	,746.500000	,655.000000	,351.000000	,312.500000	,204.500000	,-11.500000	,-31.500000	,-43.500000	,-4.000000	,-130.000000	,-51.000000	,69.500000	,290.000000	,62.500000	,28.500000	,-10.500000	,133.500000	,242.000000	,9.500000	,35.000000	,-282.000000	,-246.000000	,-166.000000	,-217.000000	,120.000000	,-54.500000	,-11.000000	,-75.000000	,-147.000000	,-115.000000	,-44.500000	,-97.000000	,185.000000	,328.500000	,500.000000	,177.000000	,33.500000	,-182.500000	,-113.000000	,14.500000	,110.000000	,-40.500000	,-132.000000	,-300.000000	,-168.000000	,-189.000000	,-133.500000	,-168.000000	,-64.500000	,-156.000000	,-225.000000	,-193.500000	,-142.500000	,-79.500000	,-125.000000	,-100.000000	,7.000000	,195.500000	,273.500000	,144.000000	,-2.500000	,-57.500000	,-102.500000	,-63.000000	,-141.000000	,-42.000000	,-28.500000	,91.000000	,23.500000	,96.500000	,-96.500000	,87.500000	,115.000000	,150.000000	,274.500000	,357.500000	,175.500000	,75.000000	,54.000000	,52.500000	,-74.500000	,-400.500000	,-321.000000	,-262.500000	,-232.500000	,73.000000	,-85.500000	,37.500000	,-254.000000	,-95.500000	,1.000000	,131.500000	,238.500000	,
-46.000000	,43.000000	,-126.000000	,92.500000	,-61.500000	,64.000000	,85.500000	,39.000000	,-233.000000	,140.000000	,68.500000	,243.000000	,72.500000	,-16.500000	,-39.000000	,49.000000	,128.500000	,109.500000	,134.000000	,72.500000	,-3.000000	,-181.500000	,-37.500000	,-15.500000	,-56.000000	,-85.500000	,19.000000	,98.500000	,101.000000	,-13.500000	,112.500000	,97.500000	,313.000000	,83.500000	,96.000000	,-164.000000	,-161.000000	,-77.000000	,-68.500000	,38.500000	,-158.500000	,-38.500000	,-175.500000	,-69.000000	,-117.500000	,57.500000	,-74.500000	,-59.500000	,-143.000000	,-33.500000	,-68.500000	,-43.000000	,-112.000000	,-269.000000	,-288.500000	,-196.500000	,-69.500000	,14.500000	,-199.000000	,-198.000000	,-489.000000	,14.000000	,-118.000000	,382.000000	,162.500000	,246.000000	,15.500000	,-163.000000	,-221.000000	,-272.000000	,-57.500000	,-160.000000	,-42.500000	,-7.500000	,-22.000000	,-103.000000	,-231.000000	,-286.500000	,-3.000000	,-316.500000	,-325.500000	,-350.000000	,-173.000000	,129.000000	,-7.000000	,211.000000	,121.500000	,138.000000	,183.500000	,244.000000	,218.500000	,36.000000	,8.500000	,225.000000	,386.500000	,447.000000	,294.000000	,465.500000	,254.000000	,271.000000	,-36.500000	,278.000000	,-104.000000	,-276.500000	,-302.000000	,-49.500000	,143.000000	,11.500000	,275.000000	,382.500000	,495.000000	,287.500000	,-76.500000	,-528.500000	,-301.000000	,-157.000000	,380.000000	,309.500000	,548.000000	,481.500000	,394.500000	,604.000000	,225.000000	,205.000000	,-99.000000	,107.000000	,18.500000	,234.000000	,145.500000	,43.500000	,-28.500000	,-12.500000	,-35.000000	,-134.000000	,-19.500000	,105.500000	,146.500000	,632.500000	,617.500000	,942.000000	,683.000000	,595.500000	,1112.000000	,1305.000000	,1585.500000	,1265.500000	,760.000000	,287.500000	,75.000000	,251.500000	,294.000000	,91.500000	,-74.500000	,-181.500000	,-45.500000	,-0.500000	,-62.500000	,74.500000	,256.500000	,302.000000	,47.000000	,-229.500000	,-306.500000	,-249.500000	,-27.500000	,-30.000000	,107.000000	,21.500000	,-121.500000	,-114.500000	,12.000000	,26.000000	,138.500000	,76.500000	,192.000000	,132.000000	,9.500000	,-20.500000	,-74.500000	,-186.000000	,-108.500000	,-3.500000	,-248.000000	,-151.500000	,-251.500000	,-23.000000	,24.000000	,-245.000000	,9.000000	,7.000000	,14.500000	,-112.500000	,-322.500000	,-32.500000	,160.000000	,446.500000	,458.500000	,232.000000	,26.500000	,-57.000000	,141.000000	,225.000000	,113.000000	,-7.500000	,-105.000000	,-105.000000	,-148.500000	,-121.500000	,-169.500000	,-271.500000	,-162.000000	,-20.500000	,59.000000	,59.000000	,-23.000000	,166.500000	,21.000000	,-65.500000	,-252.000000	,-136.000000	,-99.500000	,20.500000	,5.000000	,-60.000000	,0.000000	,-20.000000	,238.000000	,164.000000	,133.000000	,-309.500000	,-160.500000	,-138.000000	,15.000000	,-58.500000	,33.000000	,-77.500000	,-56.500000	,-104.500000	,-4.500000	,108.500000	,
-272.500000	,-202.500000	,-8.500000	,27.500000	,131.000000	,-56.500000	,51.000000	,-39.000000	,164.500000	,348.000000	,90.000000	,-95.500000	,-277.000000	,-107.500000	,-202.500000	,75.500000	,65.000000	,142.500000	,82.500000	,-16.500000	,45.000000	,-410.000000	,-237.000000	,-361.000000	,-98.000000	,-116.500000	,-185.500000	,-106.500000	,-33.000000	,-83.500000	,-70.000000	,-260.500000	,-258.000000	,-370.500000	,-82.500000	,-226.500000	,-105.500000	,-57.500000	,-156.500000	,-198.000000	,-270.500000	,-228.500000	,-197.000000	,-111.000000	,-57.500000	,-8.000000	,19.000000	,40.000000	,196.500000	,103.500000	,9.500000	,-255.000000	,-110.500000	,-122.000000	,-51.000000	,-147.500000	,-236.500000	,-159.000000	,-208.500000	,-25.500000	,-171.000000	,105.500000	,29.000000	,-79.000000	,47.500000	,92.500000	,76.000000	,-112.000000	,-96.000000	,-78.000000	,59.500000	,151.500000	,18.000000	,9.000000	,-68.500000	,-70.000000	,92.000000	,-97.000000	,-8.000000	,-71.000000	,-65.500000	,-161.000000	,-359.500000	,-146.500000	,1.000000	,239.500000	,242.000000	,122.000000	,17.500000	,-103.500000	,-130.500000	,-48.500000	,79.500000	,193.500000	,231.500000	,-76.500000	,-321.000000	,-147.500000	,-69.000000	,179.500000	,375.500000	,183.000000	,186.000000	,139.000000	,9.500000	,324.000000	,225.000000	,65.000000	,-34.000000	,44.500000	,149.000000	,-160.500000	,0.500000	,-140.500000	,-19.000000	,-254.500000	,-312.500000	,-264.000000	,-205.500000	,-329.500000	,87.000000	,-121.500000	,249.500000	,297.000000	,554.000000	,151.000000	,216.000000	,48.000000	,200.500000	,120.000000	,411.000000	,606.500000	,974.500000	,909.000000	,707.000000	,600.000000	,495.500000	,1047.000000	,889.000000	,1130.500000	,1355.500000	,1548.000000	,1178.000000	,486.500000	,-40.500000	,-59.000000	,-32.000000	,16.500000	,-25.000000	,-124.000000	,-169.500000	,-52.500000	,-38.500000	,39.500000	,-128.000000	,32.500000	,195.500000	,214.000000	,176.500000	,29.000000	,141.000000	,149.500000	,71.000000	,-37.000000	,-17.500000	,211.000000	,380.000000	,469.500000	,484.500000	,321.500000	,228.000000	,248.500000	,180.500000	,164.000000	,27.500000	,21.500000	,51.500000	,-190.000000	,-44.500000	,-390.000000	,55.000000	,11.500000	,101.000000	,64.000000	,27.000000	,201.000000	,226.500000	,-78.500000	,24.000000	,-45.500000	,160.000000	,70.000000	,-139.500000	,0.000000	,94.500000	,120.000000	,138.500000	,154.000000	,98.500000	,24.500000	,-90.000000	,-154.500000	,45.500000	,-1.000000	,85.000000	,-268.000000	,-176.000000	,-180.000000	,-60.000000	,-45.000000	,-186.000000	,-268.000000	,-291.500000	,-183.000000	,-117.500000	,-96.000000	,-253.500000	,-193.500000	,-240.000000	,-124.500000	,-197.000000	,-92.000000	,-174.500000	,136.000000	,136.000000	,112.000000	,-16.500000	,222.000000	,216.000000	,316.500000	,136.000000	,21.500000	,-74.500000	,169.000000	,141.000000	,348.500000	,122.000000	,200.000000	,-148.500000	,-215.500000	,
75.000000	,-63.500000	,80.500000	,-250.500000	,-123.000000	,-18.000000	,16.500000	,60.000000	,106.000000	,118.000000	,-96.000000	,-50.500000	,-347.500000	,-28.500000	,-70.000000	,36.500000	,14.000000	,-99.000000	,-99.000000	,88.500000	,61.500000	,76.500000	,1.000000	,-17.000000	,101.500000	,-63.000000	,104.500000	,-123.500000	,77.500000	,-60.000000	,-151.500000	,-424.500000	,-147.000000	,11.000000	,66.500000	,27.000000	,10.500000	,119.000000	,312.500000	,274.000000	,454.500000	,312.500000	,206.000000	,13.000000	,2.500000	,-249.000000	,-4.500000	,-97.500000	,-33.000000	,-282.000000	,3.000000	,-201.000000	,78.500000	,81.500000	,197.500000	,70.000000	,182.500000	,-41.000000	,333.000000	,273.000000	,486.500000	,411.500000	,333.500000	,83.500000	,-72.000000	,-39.000000	,4.500000	,251.500000	,97.000000	,77.500000	,-211.500000	,-88.500000	,67.000000	,140.000000	,241.500000	,452.000000	,355.000000	,153.000000	,-6.000000	,92.000000	,537.500000	,330.500000	,148.000000	,-54.500000	,-53.000000	,-114.000000	,50.000000	,-113.500000	,24.500000	,67.000000	,340.000000	,340.000000	,217.500000	,151.000000	,58.000000	,181.000000	,-98.000000	,163.500000	,40.000000	,-54.500000	,45.500000	,-187.500000	,193.000000	,218.000000	,286.500000	,182.500000	,344.000000	,329.000000	,153.500000	,-115.000000	,-226.000000	,142.000000	,257.000000	,675.500000	,359.500000	,34.000000	,-235.500000	,-373.000000	,-436.000000	,-7.500000	,473.500000	,744.000000	,810.500000	,670.000000	,781.500000	,602.500000	,490.000000	,788.000000	,981.500000	,1511.000000	,1239.000000	,1271.000000	,1075.500000	,1350.000000	,1477.500000	,1405.500000	,1390.000000	,805.000000	,303.000000	,-214.000000	,-112.500000	,85.500000	,4.500000	,37.500000	,-87.000000	,-135.000000	,-54.000000	,-286.500000	,-111.000000	,-163.000000	,-56.500000	,-91.500000	,-65.500000	,31.000000	,-37.500000	,-133.000000	,-169.500000	,-285.000000	,-106.500000	,-267.000000	,-7.000000	,185.500000	,231.000000	,161.500000	,-194.500000	,-35.500000	,26.000000	,59.000000	,-72.000000	,-94.500000	,-141.000000	,-36.000000	,-150.000000	,-108.000000	,-213.000000	,-119.500000	,-95.500000	,6.000000	,157.000000	,44.500000	,23.500000	,-101.000000	,160.500000	,83.000000	,153.500000	,-189.000000	,-142.500000	,127.000000	,100.000000	,187.000000	,-16.500000	,-114.500000	,242.000000	,56.000000	,151.000000	,-54.000000	,-75.000000	,-69.000000	,64.000000	,135.500000	,102.500000	,159.500000	,40.000000	,160.000000	,-70.500000	,-137.000000	,-187.000000	,-221.500000	,78.000000	,175.500000	,217.500000	,-102.500000	,-236.000000	,-157.000000	,-203.500000	,-92.500000	,31.500000	,120.000000	,245.500000	,224.500000	,164.000000	,190.500000	,-15.500000	,0.000000	,-39.000000	,-141.000000	,-55.500000	,-118.500000	,132.500000	,214.500000	,235.500000	,-68.000000	,-39.500000	,-173.000000	,-117.500000	,34.500000	,149.500000	,149.500000	,49.000000	,-202.000000	,
-107.500000	,121.500000	,-99.500000	,290.000000	,5.000000	,97.000000	,-88.500000	,-25.500000	,-36.000000	,0.000000	,163.000000	,239.500000	,270.000000	,88.500000	,136.000000	,23.000000	,-74.000000	,-277.500000	,-190.500000	,-196.500000	,-43.500000	,253.500000	,374.500000	,236.500000	,115.000000	,-70.000000	,140.000000	,32.000000	,-94.500000	,58.000000	,-111.500000	,437.000000	,215.500000	,242.000000	,-149.000000	,-485.000000	,-339.000000	,-273.000000	,-121.500000	,-6.000000	,-99.000000	,-96.000000	,-56.500000	,68.000000	,114.500000	,169.500000	,-69.000000	,-148.500000	,-85.500000	,134.000000	,183.500000	,308.500000	,202.000000	,181.000000	,54.000000	,82.000000	,70.000000	,7.500000	,-141.000000	,-192.000000	,98.500000	,109.000000	,23.500000	,-251.000000	,-236.000000	,-212.000000	,-115.500000	,-112.500000	,95.000000	,-169.000000	,111.000000	,-227.000000	,-21.500000	,-15.500000	,122.000000	,126.500000	,86.000000	,216.000000	,216.000000	,291.000000	,5.500000	,-32.000000	,314.500000	,154.000000	,80.500000	,-16.500000	,49.500000	,126.500000	,-14.500000	,-80.500000	,-40.500000	,-139.500000	,-145.500000	,-105.500000	,188.500000	,206.500000	,464.000000	,359.000000	,333.500000	,117.500000	,44.000000	,103.000000	,408.500000	,433.500000	,309.000000	,85.500000	,-46.500000	,97.000000	,99.000000	,409.500000	,509.500000	,503.000000	,472.500000	,417.000000	,502.000000	,351.000000	,395.000000	,279.500000	,530.500000	,614.000000	,1118.000000	,1260.500000	,1071.500000	,661.000000	,843.500000	,983.500000	,1286.000000	,1362.000000	,1301.500000	,853.000000	,288.500000	,-50.000000	,-127.500000	,-91.500000	,-24.000000	,-13.500000	,62.500000	,14.500000	,13.000000	,-87.000000	,-19.500000	,110.500000	,52.000000	,43.000000	,-112.500000	,256.500000	,243.000000	,269.500000	,125.000000	,177.000000	,201.500000	,115.000000	,128.000000	,36.500000	,67.500000	,-149.000000	,-35.000000	,-194.000000	,40.000000	,-195.500000	,-43.500000	,-213.000000	,-48.000000	,-106.500000	,-61.500000	,-132.000000	,-151.500000	,-115.500000	,3.500000	,-29.500000	,68.500000	,-43.000000	,-38.000000	,-110.500000	,-184.000000	,-21.500000	,41.500000	,226.000000	,178.500000	,256.000000	,25.000000	,34.000000	,-112.500000	,-33.500000	,111.000000	,-51.000000	,-60.500000	,-268.000000	,-68.500000	,-216.000000	,-288.000000	,108.500000	,92.000000	,245.000000	,-46.500000	,-7.500000	,-71.000000	,41.000000	,-89.500000	,-93.500000	,-115.000000	,-58.000000	,-164.500000	,-181.500000	,-50.000000	,290.000000	,315.000000	,330.000000	,63.500000	,120.000000	,265.000000	,367.500000	,332.000000	,313.500000	,-47.000000	,93.500000	,-62.500000	,113.000000	,-325.500000	,-319.500000	,-50.500000	,98.000000	,155.500000	,-167.500000	,-167.500000	,-112.500000	,46.500000	,-60.000000	,-114.000000	,42.500000	,83.000000	,310.500000	,56.500000	,86.000000	,-118.000000	,-7.000000	,68.500000	,64.000000	,126.500000	,122.500000	,
-224.000000	,0.500000	,-117.500000	,77.500000	,180.000000	,19.500000	,-47.500000	,-36.000000	,-95.500000	,-31.500000	,27.000000	,85.500000	,-150.000000	,-177.000000	,-229.500000	,-117.000000	,-28.500000	,21.000000	,37.500000	,-135.000000	,-184.500000	,-50.000000	,-75.500000	,170.500000	,75.000000	,337.500000	,127.500000	,168.000000	,-202.500000	,-108.000000	,59.000000	,252.500000	,117.500000	,-256.500000	,58.000000	,63.000000	,276.500000	,-111.500000	,-109.500000	,-157.500000	,-334.500000	,-437.500000	,-195.000000	,-73.000000	,91.000000	,143.500000	,42.500000	,157.000000	,43.500000	,117.000000	,-139.000000	,-198.500000	,-255.500000	,-28.000000	,136.500000	,160.500000	,-23.500000	,-141.000000	,6.500000	,-68.500000	,-104.500000	,-46.000000	,-124.000000	,-118.500000	,-231.000000	,-252.000000	,58.500000	,168.500000	,162.500000	,311.000000	,245.500000	,67.000000	,-109.500000	,-175.500000	,-61.500000	,-160.500000	,-156.000000	,-108.000000	,-1.500000	,-1.500000	,-132.000000	,190.000000	,113.500000	,188.000000	,-114.500000	,-71.000000	,-117.000000	,-80.500000	,-59.500000	,-275.500000	,-168.000000	,-250.500000	,-46.500000	,-118.500000	,-118.500000	,-123.000000	,-76.500000	,-52.500000	,33.000000	,140.000000	,65.000000	,12.000000	,5.500000	,-29.000000	,72.000000	,67.500000	,90.000000	,-3.000000	,-60.000000	,64.500000	,-84.000000	,-16.500000	,-16.500000	,-261.000000	,-214.500000	,-183.500000	,-27.500000	,337.500000	,198.000000	,244.500000	,-23.000000	,-25.000000	,-55.000000	,5.000000	,22.500000	,30.000000	,90.000000	,-22.500000	,-28.500000	,-112.500000	,-15.000000	,256.500000	,154.500000	,-13.500000	,-169.500000	,-168.000000	,9.500000	,256.000000	,423.500000	,352.500000	,115.000000	,-104.000000	,8.000000	,38.000000	,-23.000000	,-46.500000	,-156.000000	,89.500000	,89.500000	,88.000000	,-103.500000	,64.000000	,-21.500000	,96.500000	,-117.500000	,204.500000	,85.000000	,307.500000	,71.000000	,199.500000	,88.000000	,23.500000	,-151.000000	,-55.500000	,-15.500000	,41.000000	,70.000000	,-175.500000	,-121.500000	,-152.500000	,-14.500000	,-84.500000	,-17.000000	,1.000000	,210.500000	,68.500000	,-60.500000	,-159.500000	,-193.500000	,54.500000	,290.000000	,360.000000	,197.500000	,133.000000	,-90.000000	,86.000000	,-132.500000	,275.000000	,50.000000	,10.500000	,271.000000	,99.500000	,168.500000	,-62.500000	,-45.000000	,30.000000	,62.500000	,13.500000	,-58.500000	,-126.000000	,-102.000000	,-114.000000	,-27.000000	,-133.500000	,-117.500000	,44.000000	,176.000000	,-3.500000	,-70.500000	,9.500000	,117.500000	,47.000000	,102.000000	,-12.000000	,185.000000	,-74.500000	,300.500000	,299.000000	,111.500000	,75.000000	,-242.000000	,-120.500000	,-318.000000	,-382.500000	,-262.500000	,-138.500000	,58.000000	,95.500000	,-294.000000	,-142.000000	,-215.500000	,-70.000000	,40.000000	,-18.500000	,-30.500000	,-300.000000	,-258.000000	,-223.500000	,-107.000000	,-25.500000	,
181.500000	,220.000000	,229.500000	,-105.000000	,-81.000000	,-141.500000	,114.000000	,18.000000	,3.000000	,-132.000000	,67.000000	,124.000000	,172.500000	,166.000000	,130.000000	,75.000000	,148.500000	,216.500000	,31.000000	,-154.000000	,-302.000000	,-156.500000	,-341.000000	,-169.500000	,-283.500000	,-39.000000	,-86.000000	,-47.000000	,27.000000	,120.500000	,-37.000000	,-73.500000	,-190.500000	,152.500000	,103.000000	,369.500000	,104.500000	,264.500000	,-41.500000	,99.500000	,175.000000	,92.500000	,34.000000	,-80.000000	,-207.000000	,-189.000000	,32.500000	,-6.500000	,89.500000	,-118.500000	,-38.500000	,-23.000000	,-53.000000	,-167.000000	,-19.000000	,9.000000	,62.500000	,138.500000	,125.000000	,110.000000	,-41.000000	,-33.000000	,78.500000	,235.000000	,167.500000	,206.500000	,-86.500000	,-95.500000	,-154.500000	,-69.500000	,86.500000	,8.000000	,-6.500000	,-59.500000	,-104.000000	,-201.500000	,-147.500000	,-164.000000	,2.500000	,2.500000	,78.500000	,-31.000000	,-45.500000	,-243.500000	,89.500000	,26.500000	,57.000000	,-42.500000	,1.000000	,19.000000	,-25.500000	,85.500000	,206.500000	,209.500000	,11.500000	,-8.000000	,-6.500000	,-14.000000	,-115.500000	,-38.500000	,-148.000000	,179.000000	,-31.500000	,51.000000	,-118.500000	,-208.500000	,-198.000000	,-176.500000	,130.500000	,130.500000	,107.500000	,-39.000000	,-81.000000	,-49.500000	,231.000000	,13.500000	,111.000000	,34.500000	,132.500000	,82.500000	,39.000000	,-82.000000	,-147.500000	,24.000000	,96.500000	,6.500000	,-198.000000	,-129.000000	,133.000000	,221.500000	,220.000000	,-12.000000	,-78.500000	,-209.000000	,-128.000000	,-235.500000	,-156.500000	,-123.500000	,-15.500000	,-18.000000	,-30.000000	,-106.500000	,-48.000000	,-132.000000	,23.000000	,110.000000	,-26.500000	,-91.500000	,-283.500000	,-232.500000	,-55.500000	,143.500000	,245.000000	,101.000000	,173.500000	,70.500000	,-54.500000	,-168.000000	,-258.000000	,-53.000000	,-107.500000	,118.500000	,151.500000	,56.500000	,126.500000	,-40.500000	,106.000000	,282.000000	,49.500000	,164.000000	,-144.500000	,-147.500000	,71.000000	,86.000000	,167.000000	,72.000000	,-130.500000	,64.500000	,-46.500000	,-1.500000	,-81.000000	,-81.000000	,-127.500000	,-181.500000	,-405.000000	,-226.500000	,19.000000	,104.500000	,194.500000	,184.500000	,207.000000	,198.000000	,-141.000000	,-40.500000	,-135.000000	,-31.500000	,-96.000000	,16.500000	,220.500000	,193.000000	,179.500000	,86.000000	,275.500000	,157.000000	,-55.500000	,-123.000000	,-214.500000	,-141.000000	,-244.500000	,-192.000000	,-113.500000	,-232.000000	,-184.000000	,-225.000000	,-10.500000	,-111.000000	,-21.000000	,-18.000000	,272.500000	,357.000000	,207.000000	,-68.500000	,-17.500000	,102.500000	,155.000000	,-67.500000	,0.000000	,139.000000	,52.500000	,37.500000	,-143.500000	,-250.500000	,-38.000000	,-47.000000	,-11.000000	,136.500000	,-204.000000	,57.500000	,-8.500000	,-5.000000	,
-46.500000	,-81.000000	,-129.000000	,-385.000000	,-319.500000	,-314.500000	,-157.000000	,-254.500000	,-181.500000	,-352.500000	,-220.500000	,-125.000000	,144.500000	,230.000000	,209.500000	,24.000000	,-67.500000	,-180.000000	,-76.000000	,-14.500000	,122.500000	,166.500000	,31.000000	,101.000000	,-76.000000	,-144.500000	,-98.000000	,-74.500000	,103.500000	,117.000000	,-6.500000	,-66.000000	,46.500000	,160.500000	,147.000000	,74.500000	,336.500000	,293.000000	,137.000000	,182.000000	,511.500000	,425.000000	,85.000000	,-400.500000	,-207.000000	,-333.000000	,-133.500000	,-1.000000	,44.500000	,70.000000	,107.000000	,225.000000	,368.000000	,96.500000	,57.500000	,19.000000	,106.500000	,137.000000	,40.000000	,-52.500000	,-102.000000	,-42.000000	,-59.500000	,134.000000	,340.000000	,400.000000	,215.000000	,-80.500000	,-11.500000	,-95.500000	,-31.500000	,-127.500000	,12.000000	,-115.500000	,-83.000000	,46.000000	,92.500000	,121.500000	,-75.000000	,-105.000000	,-69.000000	,-57.500000	,94.000000	,-223.500000	,-178.000000	,-449.500000	,-351.000000	,-174.000000	,-5.500000	,286.000000	,235.000000	,185.000000	,-115.500000	,-129.500000	,-28.500000	,7.500000	,60.000000	,-66.500000	,-38.500000	,-111.500000	,-7.000000	,-54.500000	,-113.000000	,-67.500000	,-99.000000	,-195.000000	,-168.000000	,-352.500000	,-205.500000	,-97.500000	,-113.000000	,-71.000000	,-41.000000	,143.000000	,158.000000	,158.000000	,-16.500000	,-81.000000	,0.000000	,0.000000	,40.500000	,-67.000000	,76.500000	,-160.000000	,-112.500000	,-242.500000	,-361.500000	,-204.000000	,-246.000000	,-132.000000	,-227.000000	,-225.500000	,-248.500000	,-9.000000	,35.500000	,201.000000	,38.500000	,-73.500000	,-45.000000	,-31.500000	,36.500000	,227.500000	,118.000000	,42.500000	,-17.000000	,79.000000	,27.000000	,39.000000	,-361.500000	,-185.000000	,-583.500000	,-252.500000	,-269.000000	,-81.000000	,-256.000000	,-113.500000	,-343.500000	,80.000000	,-152.000000	,149.500000	,15.000000	,13.000000	,-68.000000	,132.500000	,81.500000	,162.500000	,-19.000000	,-29.500000	,188.500000	,74.000000	,33.500000	,-3.500000	,106.000000	,203.500000	,-144.000000	,-106.500000	,-78.500000	,108.000000	,108.000000	,29.000000	,-67.500000	,-27.000000	,-75.500000	,-177.500000	,281.000000	,45.000000	,78.500000	,-121.000000	,-106.000000	,60.000000	,22.500000	,-5.000000	,159.000000	,17.000000	,139.500000	,-77.000000	,-8.000000	,-271.500000	,-255.000000	,-214.000000	,-97.000000	,-190.000000	,-232.500000	,-239.000000	,107.000000	,-137.500000	,-208.000000	,-7.500000	,36.000000	,185.000000	,-279.000000	,-200.000000	,-97.500000	,153.000000	,113.000000	,147.000000	,-18.500000	,68.500000	,-46.000000	,-90.500000	,-226.500000	,84.500000	,25.500000	,232.500000	,108.500000	,126.500000	,-67.500000	,10.000000	,93.500000	,171.500000	,93.500000	,-73.500000	,97.000000	,-47.500000	,270.500000	,218.500000	,423.000000	,255.000000	,262.500000	,5.000000	,
-210.500000	,-301.500000	,-267.000000	,-219.000000	,-9.500000	,-102.500000	,-67.000000	,-84.000000	,165.000000	,-100.500000	,-57.000000	,-267.000000	,-74.000000	,-53.000000	,8.500000	,-60.000000	,18.500000	,80.500000	,303.500000	,389.000000	,195.000000	,77.000000	,26.500000	,-48.500000	,91.000000	,-169.000000	,1.000000	,-57.500000	,-49.000000	,-31.500000	,130.500000	,51.000000	,117.000000	,-202.500000	,-58.500000	,-109.500000	,-103.500000	,-109.500000	,-126.000000	,-102.000000	,-120.000000	,91.500000	,0.000000	,375.000000	,-102.000000	,180.000000	,-180.000000	,-154.500000	,-137.500000	,-172.000000	,-33.000000	,89.500000	,125.500000	,94.500000	,-7.000000	,-121.000000	,-137.500000	,-49.000000	,89.000000	,12.500000	,-31.500000	,-97.500000	,-23.000000	,31.000000	,10.000000	,-46.500000	,62.500000	,268.000000	,308.000000	,188.500000	,-53.000000	,-228.500000	,-63.500000	,-260.000000	,-190.500000	,42.000000	,-33.000000	,-97.500000	,-291.000000	,-226.500000	,-184.500000	,153.000000	,141.000000	,478.000000	,144.500000	,378.000000	,11.000000	,97.000000	,15.000000	,-60.000000	,51.000000	,15.000000	,-163.500000	,-190.500000	,-156.000000	,-114.000000	,0.000000	,-67.000000	,-81.000000	,-195.000000	,-302.500000	,-413.000000	,-50.000000	,-103.500000	,132.000000	,265.500000	,190.500000	,151.000000	,-18.500000	,14.500000	,129.000000	,-131.500000	,-98.500000	,-88.000000	,-33.500000	,30.000000	,9.000000	,-11.500000	,-84.000000	,0.000000	,20.000000	,264.500000	,150.500000	,334.500000	,-186.000000	,191.500000	,3.000000	,260.500000	,-52.500000	,-209.000000	,-167.500000	,-19.000000	,104.500000	,210.500000	,74.000000	,118.500000	,21.000000	,7.500000	,-81.000000	,30.000000	,-13.500000	,-19.500000	,-159.000000	,23.000000	,-87.500000	,62.500000	,101.000000	,90.000000	,104.500000	,34.000000	,-132.500000	,-118.500000	,-273.000000	,-111.000000	,-290.500000	,-130.000000	,178.500000	,185.500000	,427.000000	,106.500000	,144.000000	,-85.500000	,63.500000	,40.500000	,112.500000	,-68.500000	,-111.500000	,-18.500000	,-90.000000	,42.500000	,67.500000	,82.500000	,-42.500000	,15.000000	,-5.000000	,92.500000	,-359.000000	,-198.000000	,-360.000000	,1.500000	,87.000000	,73.500000	,-87.000000	,127.000000	,34.000000	,174.000000	,-115.000000	,-71.500000	,-283.500000	,-118.500000	,-101.000000	,65.500000	,-8.000000	,-78.000000	,-115.500000	,-85.500000	,1.500000	,-159.000000	,-237.000000	,-385.500000	,-219.000000	,-255.000000	,-55.500000	,-105.000000	,217.500000	,-7.500000	,1.500000	,-112.000000	,70.500000	,127.500000	,57.000000	,130.500000	,-6.000000	,-69.500000	,-164.000000	,-75.500000	,-237.500000	,-255.000000	,-264.500000	,-75.500000	,-20.000000	,46.500000	,-141.000000	,35.000000	,68.000000	,215.000000	,117.000000	,-60.000000	,155.000000	,159.000000	,219.000000	,54.500000	,113.500000	,150.500000	,69.500000	,-18.000000	,-209.500000	,-223.000000	,-135.500000	,-108.000000	,
-289.000000	,-107.000000	,-107.500000	,120.500000	,112.000000	,312.000000	,139.500000	,59.500000	,-135.500000	,232.000000	,-109.500000	,-148.500000	,-319.500000	,-193.500000	,-168.000000	,-38.000000	,-47.000000	,89.000000	,44.000000	,44.000000	,92.500000	,42.000000	,-34.500000	,-69.500000	,-9.000000	,86.500000	,-112.500000	,-45.500000	,-162.500000	,42.000000	,-33.000000	,-124.000000	,-148.500000	,51.500000	,222.500000	,257.500000	,162.500000	,235.000000	,336.500000	,261.500000	,52.500000	,-16.000000	,141.500000	,181.500000	,409.500000	,375.000000	,263.000000	,66.500000	,69.500000	,-35.500000	,-105.000000	,-84.000000	,-36.000000	,-128.000000	,-185.000000	,-170.000000	,-133.500000	,-141.000000	,-54.500000	,160.500000	,293.000000	,295.000000	,167.500000	,-11.500000	,35.000000	,-46.500000	,-100.500000	,-139.500000	,-127.500000	,-56.000000	,-26.000000	,97.500000	,71.000000	,138.000000	,76.500000	,91.500000	,-94.000000	,-346.500000	,-73.000000	,-104.000000	,64.000000	,14.500000	,-46.000000	,-113.500000	,88.500000	,346.500000	,350.000000	,216.000000	,73.500000	,29.500000	,-57.000000	,-45.000000	,-62.500000	,61.500000	,7.500000	,182.500000	,102.000000	,1.500000	,143.500000	,-71.500000	,284.000000	,-26.000000	,157.500000	,62.000000	,-190.000000	,-49.500000	,83.500000	,214.500000	,165.500000	,113.500000	,109.500000	,-90.000000	,25.500000	,-116.500000	,33.500000	,-111.500000	,-245.000000	,-156.500000	,-246.000000	,-66.000000	,-91.500000	,-78.000000	,137.500000	,164.500000	,364.000000	,210.000000	,329.000000	,6.500000	,94.500000	,-147.000000	,268.500000	,73.000000	,263.500000	,116.500000	,171.500000	,-84.000000	,-73.500000	,-91.500000	,-51.000000	,22.500000	,22.500000	,-19.500000	,232.500000	,213.000000	,250.000000	,17.500000	,65.000000	,17.500000	,141.000000	,395.000000	,581.000000	,415.500000	,382.000000	,-65.000000	,244.500000	,-17.500000	,165.500000	,-64.500000	,0.000000	,-38.000000	,5.000000	,-118.000000	,-72.500000	,-202.500000	,-108.000000	,-70.500000	,-43.500000	,42.000000	,54.000000	,112.500000	,229.000000	,184.000000	,-0.500000	,-117.000000	,62.000000	,-1.000000	,36.500000	,19.500000	,-12.000000	,-111.000000	,-99.000000	,-108.000000	,-15.000000	,-7.500000	,120.500000	,-124.500000	,178.500000	,201.000000	,84.000000	,-73.500000	,-149.000000	,4.500000	,-166.500000	,-48.000000	,-216.000000	,56.500000	,31.500000	,382.000000	,260.000000	,483.000000	,73.500000	,378.500000	,266.000000	,332.500000	,45.000000	,368.500000	,466.000000	,509.500000	,99.000000	,-49.500000	,192.000000	,274.500000	,303.000000	,-21.000000	,-91.500000	,-47.500000	,-232.000000	,-73.000000	,-71.500000	,60.000000	,196.000000	,123.500000	,93.000000	,20.000000	,-28.000000	,-133.500000	,-117.000000	,-96.000000	,-45.000000	,-186.000000	,-105.000000	,-195.000000	,-79.500000	,-159.000000	,-168.000000	,-247.500000	,-241.500000	,-325.500000	,-355.500000	,-382.000000	,
-348.500000	,-91.000000	,-497.500000	,-426.000000	,-659.500000	,-670.000000	,-546.000000	,-606.500000	,-351.000000	,-295.000000	,-419.000000	,-443.000000	,-635.000000	,-545.500000	,-720.000000	,-561.000000	,-684.000000	,-657.000000	,-576.000000	,-657.000000	,-437.000000	,-281.500000	,-185.000000	,-204.000000	,-476.500000	,-416.000000	,-692.000000	,-428.500000	,-647.000000	,-558.500000	,-714.000000	,-576.500000	,-614.000000	,-576.500000	,-621.000000	,-598.500000	,-576.000000	,-598.500000	,-619.500000	,-576.000000	,-554.500000	,-565.500000	,-508.500000	,-645.500000	,-458.500000	,-473.500000	,-497.500000	,-418.500000	,-367.500000	,-432.000000	,-486.000000	,-688.000000	,-623.500000	,-588.500000	,-436.000000	,-295.000000	,-339.500000	,-423.500000	,-659.000000	,-576.000000	,-610.500000	,-576.000000	,-576.000000	,-498.500000	,-498.500000	,-498.500000	,-676.500000	,-583.000000	,-656.500000	,-513.000000	,-421.000000	,-391.500000	,-228.500000	,-369.000000	,-398.000000	,-454.000000	,-628.500000	,-291.500000	,-346.500000	,-379.000000	,-498.500000	,-694.000000	,-712.000000	,-576.000000	,-642.000000	,-514.500000	,-555.500000	,-593.000000	,-695.000000	,-589.500000	,-648.000000	,-501.000000	,-432.000000	,-381.000000	,-507.000000	,-621.000000	,-586.500000	,-504.500000	,-479.000000	,-278.500000	,-293.000000	,-182.500000	,-290.500000	,-278.500000	,-563.000000	,-551.000000	,-642.000000	,-443.500000	,-485.000000	,-511.000000	,-586.500000	,-427.500000	,-369.000000	,-455.500000	,-614.500000	,-563.000000	,-540.500000	,-422.000000	,-571.000000	,-603.000000	,-667.500000	,-533.500000	,-586.000000	,-533.500000	,-516.000000	,-516.000000	,-441.000000	,-422.500000	,-392.500000	,-315.000000	,-455.000000	,-369.000000	,-532.000000	,-551.500000	,-589.500000	,-436.000000	,-386.000000	,-326.000000	,-526.000000	,-576.000000	,-576.000000	,-543.500000	,-543.500000	,-543.500000	,-576.000000	,-576.000000	,-576.000000	,-526.000000	,-298.500000	,-298.500000	,-348.500000	,-644.000000	,-573.500000	,-505.000000	,-444.000000	,-332.000000	,-549.000000	,-406.000000	,-483.500000	,-483.500000	,-636.000000	,-358.500000	,-486.000000	,-374.500000	,-554.000000	,-575.000000	,-461.500000	,-564.000000	,-516.000000	,-576.000000	,-597.000000	,-621.000000	,-669.000000	,-621.000000	,-676.500000	,-711.000000	,-365.000000	,-420.000000	,-312.000000	,-620.500000	,-506.500000	,-626.500000	,-401.000000	,-408.500000	,-318.500000	,-583.000000	,-506.000000	,-630.500000	,-457.500000	,-406.000000	,-572.500000	,-579.000000	,-539.000000	,-513.500000	,-622.000000	,-629.000000	,-663.500000	,-589.500000	,-325.500000	,-315.500000	,-298.000000	,-488.000000	,-490.500000	,-488.500000	,-538.500000	,-548.500000	,-472.500000	,-448.500000	,-549.500000	,-576.000000	,-639.000000	,-443.500000	,-372.000000	,-268.500000	,-371.500000	,-426.500000	,-249.000000	,-219.000000	,-161.000000	,-556.000000	,-423.500000	,-585.000000	,-360.000000	,-435.000000	,-405.500000	,-474.500000	,-569.000000	,-512.000000	,-521.000000	,-341.000000	,-546.000000	,-416.000000	,-555.500000	,-621.500000	,-505.500000	,-478.500000	,-168.500000	,-365.000000	,-503.000000	,-452.500000	,
